     1	-66.811
     2	-66.5465
     3	-66.1904
     4	-65.7635
     5	-65.3174
     6	-64.9264
     7	-64.6719
     8	-64.6248
     9	-64.8284
    10	-65.2865
    11	-65.966
    12	-66.8053
    13	-67.729
    14	-68.6651
    15	-69.5583
    16	-70.3773
    17	-71.1139
    18	-71.7784
    19	-72.3872
    20	-72.9495
    21	-73.4587
    22	-73.8902
    23	-74.2068
    24	-74.3692
    25	-74.3462
    26	-74.1266
    27	-73.7263
    28	-73.1872
    29	-72.5705
    30	-71.945
    31	-71.3716
    32	-70.8886
    33	-70.501
    34	-70.1798
    35	-69.872
    36	-69.5162
    37	-69.0583
    38	-68.4652
    39	-67.7329
    40	-66.8876
    41	-65.9789
    42	-65.0691
    43	-64.2148
    44	-63.4531
    45	-62.7941
    46	-62.2225
    47	-61.707
    48	-61.2163
    49	-60.736
    50	-60.2749
    51	-59.8669
    52	-59.5601
    53	-59.4
    54	-59.4107
    55	-59.5798
    56	-59.8558
    57	-60.1555
    58	-60.3813
    59	-60.4398
    60	-60.2588
    61	-59.7961
    62	-59.0445
    63	-58.0325
    64	-56.821
    65	-55.4901
    66	-54.1259
    67	-52.8072
    68	-51.5873
    69	-50.4938
    70	-49.5383
    71	-48.7284
    72	-48.0806
    73	-47.6283
    74	-47.4188
    75	-47.5004
    76	-47.9072
    77	-48.642
    78	-49.6674
    79	-50.9063
    80	-52.2575
    81	-53.6119
    82	-54.8704
    83	-55.9584
    84	-56.833
    85	-57.4816
    86	-57.918
    87	-58.1721
    88	-58.2805
    89	-58.2774
    90	-58.1887
    91	-58.0287
    92	-57.8049
    93	-57.521
    94	-57.1854
    95	-56.8153
    96	-56.4389
    97	-56.0943
    98	-55.8225
    99	-55.659
   100	-55.6272
   101	-55.7317
   102	-55.959
   103	-56.2805
   104	-56.6606
   105	-57.0671
   106	-57.4801
   107	-57.8984
   108	-58.3403
   109	-58.8385
   110	-59.4314
   111	-60.1523
   112	-61.0172
   113	-62.0145
   114	-63.1045
   115	-64.2284
   116	-65.32
   117	-66.3182
   118	-67.1836
   119	-67.9047
   120	-68.494
   121	-68.9823
   122	-69.4091
   123	-69.8081
   124	-70.1974
   125	-70.5738
   126	-70.9147
   127	-71.1865
   128	-71.3556
   129	-71.4012
   130	-71.3215
   131	-71.1368
   132	-70.8854
   133	-70.6146
   134	-70.3682
   135	-70.173
   136	-70.0301
   137	-69.9131
   138	-69.7772
   139	-69.5713
   140	-69.2547
   141	-68.8084
   142	-68.2412
   143	-67.5879
   144	-66.9016
   145	-66.2417
   146	-65.6594
   147	-65.1877
   148	-64.8344
   149	-64.5864
   150	-64.4192
   151	-64.3075
   152	-64.2354
   153	-64.2019
   154	-64.2221
   155	-64.32
   156	-64.5207
   157	-64.837
   158	-65.2613
   159	-65.761
   160	-66.2787
   161	-66.744
   162	-67.0875
   163	-67.2536
   164	-67.2125
   165	-66.9676
   166	-66.5533
   167	-66.0269
   168	-65.4532
   169	-64.8885
   170	-64.3711
   171	-63.9164
   172	-63.5206
   173	-63.1693
   174	-62.8474
   175	-62.5489
   176	-62.2792
   177	-62.0542
   178	-61.8966
   179	-61.8283
   180	-61.8635
   181	-62.0023
   182	-62.2259
   183	-62.4984
   184	-62.7699
   185	-62.987
   186	-63.1034
   187	-63.0925
   188	-62.9552
   189	-62.7222
   190	-62.4495
   191	-62.2067
   192	-62.0602
   193	-62.0587
   194	-62.223
   195	-62.5437
   196	-62.9925
   197	-63.5355
   198	-64.1486
   199	-64.8259
   200	-65.5802
   201	-66.4381
   202	-67.4293
   203	-68.5758
   204	-69.881
   205	-71.3228
   206	-72.8554
   207	-74.4167
   208	-75.9419
   209	-77.375
   210	-78.6801
   211	-79.8442
   212	-80.8766
   213	-81.8021
   214	-82.6492
   215	-83.4379
   216	-84.1705
   217	-84.8337
   218	-85.4016
   219	-85.8479
   220	-86.1557
   221	-86.3226
   222	-86.3625
   223	-86.3022
   224	-86.1757
   225	-86.0167
   226	-85.8514
   227	-85.6917
   228	-85.5333
   229	-85.3566
   230	-85.1335
   231	-84.8353
   232	-84.4438
   233	-83.9575
   234	-83.3962
   235	-82.7951
   236	-82.1978
   237	-81.6439
   238	-81.1592
   239	-80.7516
   240	-80.4138
   241	-80.1319
   242	-79.895
   243	-79.7029
   244	-79.5684
   245	-79.516
   246	-79.5738
   247	-79.7645
   248	-80.0961
   249	-80.558
   250	-81.1222
   251	-81.7492
   252	-82.3942
   253	-83.0193
   254	-83.598
   255	-84.1165
   256	-84.5753
   257	-84.9855
   258	-85.3628
   259	-85.7222
   260	-86.0722
   261	-86.413
   262	-86.7344
   263	-87.0204
   264	-87.253
   265	-87.4159
   266	-87.4999
   267	-87.5062
   268	-87.4459
   269	-87.3383
   270	-87.204
   271	-87.0594
   272	-86.9119
   273	-86.7594
   274	-86.5911
   275	-86.3937
   276	-86.156
   277	-85.8746
   278	-85.5542
   279	-85.2093
   280	-84.8614
   281	-84.5358
   282	-84.2551
   283	-84.0348
   284	-83.8787
   285	-83.7762
   286	-83.7064
   287	-83.6429
   288	-83.5636
   289	-83.4577
   290	-83.3315
   291	-83.209
   292	-83.1257
   293	-83.1207
   294	-83.2247
   295	-83.4527
   296	-83.7982
   297	-84.2401
   298	-84.7469
   299	-85.2875
   300	-85.8404
   301	-86.3966
   302	-86.9593
   303	-87.5382
   304	-88.1428
   305	-88.7786
   306	-89.4398
   307	-90.1074
   308	-90.7486
   309	-91.3195
   310	-91.774
   311	-92.0711
   312	-92.1833
   313	-92.1032
   314	-91.8459
   315	-91.4458
   316	-90.9482
   317	-90.3986
   318	-89.8338
   319	-89.2763
   320	-88.7348
   321	-88.2103
   322	-87.7049
   323	-87.2277
   324	-86.7978
   325	-86.4416
   326	-86.1874
   327	-86.0572
   328	-86.0592
   329	-86.1838
   330	-86.4051
   331	-86.6842
   332	-86.9757
   333	-87.2347
   334	-87.4229
   335	-87.5135
   336	-87.4945
   337	-87.3677
   338	-87.1457
   339	-86.8457
   340	-86.4825
   341	-86.0628
   342	-85.5815
   343	-85.0238
   344	-84.3705
   345	-83.6029
   346	-82.7121
   347	-81.7041
   348	-80.5992
   349	-79.4277
   350	-78.226
   351	-77.0284
   352	-75.8599
   353	-74.7372
   354	-73.6697
   355	-72.6573
   356	-71.6966
   357	-70.7851
   358	-69.9261
   359	-69.1332
   360	-68.435
   361	-67.8751
   362	-67.5069
   363	-67.3821
   364	-67.5377
   365	-67.9852
   366	-68.7044
   367	-69.648
   368	-70.7484
   369	-71.9335
   370	-73.141
   371	-74.3246
   372	-75.4559
   373	-76.5128
   374	-77.4742
   375	-78.3193
   376	-79.0235
   377	-79.5592
   378	-79.8982
   379	-80.0163
   380	-79.8985
   381	-79.5441
   382	-78.9691
   383	-78.2065
   384	-77.3022
   385	-76.3038
   386	-75.2515
   387	-74.1673
   388	-73.0549
   389	-71.9061
   390	-70.7084
   391	-69.4611
   392	-68.1868
   393	-66.9309
   394	-65.7562
   395	-64.7356
   396	-63.9316
   397	-63.3826
   398	-63.0946
   399	-63.045
   400	-63.1965
   401	-63.513
   402	-63.9743
   403	-64.5812
   404	-65.3554
   405	-66.328
   406	-67.5273
   407	-68.9619
   408	-70.6118
   409	-72.4248
   410	-74.3218
   411	-76.209
   412	-77.9974
   413	-79.6094
   414	-80.9893
   415	-82.1151
   416	-82.9943
   417	-83.6564
   418	-84.1423
   419	-84.4927
   420	-84.7399
   421	-84.9018
   422	-84.9846
   423	-84.988
   424	-84.9123
   425	-84.7651
   426	-84.5644
   427	-84.3377
   428	-84.1174
   429	-83.9335
   430	-83.8054
   431	-83.7368
   432	-83.7137
   433	-83.7067
   434	-83.6773
   435	-83.5866
   436	-83.4015
   437	-83.1019
   438	-82.6826
   439	-82.1547
   440	-81.5412
   441	-80.8735
   442	-80.184
   443	-79.4984
   444	-78.8306
   445	-78.1872
   446	-77.5703
   447	-76.9843
   448	-76.4409
   449	-75.9606
   450	-75.5706
   451	-75.2976
   452	-75.1609
   453	-75.1662
   454	-75.3032
   455	-75.5461
   456	-75.8594
   457	-76.2037
   458	-76.5438
   459	-76.8548
   460	-77.1232
   461	-77.3491
   462	-77.5419
   463	-77.7152
   464	-77.8797
   465	-78.0358
   466	-78.1708
   467	-78.2591
   468	-78.2683
   469	-78.167
   470	-77.933
   471	-77.5588
   472	-77.0546
   473	-76.4441
   474	-75.758
   475	-75.0234
   476	-74.2559
   477	-73.4521
   478	-72.5922
   479	-71.6479
   480	-70.5937
   481	-69.4203
   482	-68.1413
   483	-66.796
   484	-65.4432
   485	-64.1472
   486	-62.9646
   487	-61.9331
   488	-61.064
   489	-60.3434
   490	-59.7462
   491	-59.2442
   492	-58.8144
   493	-58.4461
   494	-58.14
   495	-57.908
   496	-57.7667
   497	-57.73
   498	-57.8034
   499	-57.9787
   500	-58.235
   501	-58.543
   502	-58.8737
   503	-59.2056
   504	-59.5322
   505	-59.8621
   506	-60.2152
   507	-60.6148
   508	-61.0785
   509	-61.6091
   510	-62.1937
   511	-62.8049
   512	-63.4102
   513	-63.9793
   514	-64.4898
   515	-64.9329
   516	-65.3111
   517	-65.6345
   518	-65.9151
   519	-66.1654
   520	-66.3963
   521	-66.6162
   522	-66.8321
   523	-67.0468
   524	-67.259
   525	-67.4632
   526	-67.6508
   527	-67.8138
   528	-67.948
   529	-68.0558
   530	-68.1453
   531	-68.2278
   532	-68.3125
   533	-68.4019
   534	-68.4884
   535	-68.5546
   536	-68.5763
   537	-68.527
   538	-68.3826
   539	-68.1272
   540	-67.7574
   541	-67.285
   542	-66.7387
   543	-66.1604
   544	-65.5993
   545	-65.1063
   546	-64.7246
   547	-64.4852
   548	-64.4047
   549	-64.4888
   550	-64.7369
   551	-65.149
   552	-65.7269
   553	-66.4734
   554	-67.3878
   555	-68.4612
   556	-69.6722
   557	-70.9827
   558	-72.3446
   559	-73.704
   560	-75.0047
   561	-76.1961
   562	-77.2405
   563	-78.1111
   564	-78.7939
   565	-79.29
   566	-79.6112
   567	-79.7753
   568	-79.8027
   569	-79.7132
   570	-79.5257
   571	-79.2589
   572	-78.9338
   573	-78.5725
   574	-78.1977
   575	-77.8322
   576	-77.4959
   577	-77.2029
   578	-76.962
   579	-76.7756
   580	-76.6395
   581	-76.5424
   582	-76.4672
   583	-76.3915
   584	-76.2898
   585	-76.1362
   586	-75.9081
   587	-75.5913
   588	-75.1825
   589	-74.6909
   590	-74.1377
   591	-73.5535
   592	-72.9745
   593	-72.4378
   594	-71.9741
   595	-71.6043
   596	-71.337
   597	-71.1686
   598	-71.088
   599	-71.0821
   600	-71.1405
   601	-71.2606
   602	-71.4485
   603	-71.7169
   604	-72.0785
   605	-72.539
   606	-73.0902
   607	-73.7079
   608	-74.3582
   609	-75.0054
   610	-75.6212
   611	-76.1917
   612	-76.7231
   613	-77.2396
   614	-77.7785
   615	-78.3789
   616	-79.0726
   617	-79.8706
   618	-80.7635
   619	-81.7219
   620	-82.6975
   621	-83.6339
   622	-84.4762
   623	-85.1793
   624	-85.7124
   625	-86.0621
   626	-86.2305
   627	-86.2313
   628	-86.0851
   629	-85.8127
   630	-85.4324
   631	-84.9594
   632	-84.4057
   633	-83.7848
   634	-83.1133
   635	-82.4122
   636	-81.7062
   637	-81.019
   638	-80.3731
   639	-79.7843
   640	-79.2548
   641	-78.7729
   642	-78.3146
   643	-77.8459
   644	-77.3317
   645	-76.7446
   646	-76.0739
   647	-75.3314
   648	-74.5499
   649	-73.7776
   650	-73.0713
   651	-72.4841
   652	-72.0546
   653	-71.8048
   654	-71.7406
   655	-71.8549
   656	-72.1347
   657	-72.5673
   658	-73.1419
   659	-73.8485
   660	-74.6756
   661	-75.6046
   662	-76.6054
   663	-77.6325
   664	-78.6264
   665	-79.5221
   666	-80.2583
   667	-80.7888
   668	-81.0917
   669	-81.1728
   670	-81.0635
   671	-80.8148
   672	-80.4877
   673	-80.1372
   674	-79.8001
   675	-79.491
   676	-79.1996
   677	-78.8993
   678	-78.5545
   679	-78.1328
   680	-77.6144
   681	-76.9972
   682	-76.2958
   683	-75.5387
   684	-74.7586
   685	-73.982
   686	-73.2213
   687	-72.4714
   688	-71.7155
   689	-70.9351
   690	-70.121
   691	-69.2825
   692	-68.4495
   693	-67.6693
   694	-66.9977
   695	-66.4853
   696	-66.1666
   697	-66.05
   698	-66.1154
   699	-66.317
   700	-66.5924
   701	-66.8747
   702	-67.1042
   703	-67.2376
   704	-67.2544
   705	-67.1573
   706	-66.9645
   707	-66.7
   708	-66.3811
   709	-66.0143
   710	-65.5948
   711	-65.1168
   712	-64.5835
   713	-64.0165
   714	-63.4587
   715	-62.968
   716	-62.6047
   717	-62.4203
   718	-62.4446
   719	-62.6819
   720	-63.1121
   721	-63.6951
   722	-64.3792
   723	-65.1093
   724	-65.8342
   725	-66.5104
   726	-67.1065
   727	-67.6037
   728	-67.9913
   729	-68.2642
   730	-68.4179
   731	-68.445
   732	-68.3358
   733	-68.081
   734	-67.6782
   735	-67.1363
   736	-66.4792
   737	-65.7411
   738	-64.9649
   739	-64.1933
   740	-63.4577
   741	-62.7735
   742	-62.1394
   743	-61.5429
   744	-60.9676
   745	-60.3987
   746	-59.8322
   747	-59.2805
   748	-58.7688
   749	-58.3312
   750	-58.0047
   751	-57.8183
   752	-57.7871
   753	-57.9099
   754	-58.173
   755	-58.5578
   756	-59.0484
   757	-59.6396
   758	-60.3371
   759	-61.1552
   760	-62.1058
   761	-63.1893
   762	-64.3851
   763	-65.6475
   764	-66.9087
   765	-68.0909
   766	-69.1214
   767	-69.9472
   768	-70.5423
   769	-70.9116
   770	-71.0881
   771	-71.1227
   772	-71.0698
   773	-70.9738
   774	-70.86
   775	-70.7341
   776	-70.588
   777	-70.4119
   778	-70.2057
   779	-69.9871
   780	-69.7915
   781	-69.6693
   782	-69.6745
   783	-69.852
   784	-70.2236
   785	-70.7794
   786	-71.4775
   787	-72.2525
   788	-73.0289
   789	-73.7394
   790	-74.3396
   791	-74.8154
   792	-75.1833
   793	-75.4832
   794	-75.7646
   795	-76.0702
   796	-76.4224
   797	-76.8185
   798	-77.2334
   799	-77.631
   800	-77.9783
   801	-78.2554
   802	-78.4611
   803	-78.6132
   804	-78.7432
   805	-78.8892
   806	-79.0856
   807	-79.354
   808	-79.6963
   809	-80.0953
   810	-80.5207
   811	-80.9392
   812	-81.3246
   813	-81.6649
   814	-81.9629
   815	-82.235
   816	-82.5038
   817	-82.7899
   818	-83.107
   819	-83.457
   820	-83.832
   821	-84.2176
   822	-84.5976
   823	-84.9611
   824	-85.3045
   825	-85.6328
   826	-85.9586
   827	-86.2969
   828	-86.6612
   829	-87.0568
   830	-87.4765
   831	-87.8995
   832	-88.2934
   833	-88.6205
   834	-88.8459
   835	-88.9466
   836	-88.9163
   837	-88.7656
   838	-88.5183
   839	-88.2039
   840	-87.8489
   841	-87.4711
   842	-87.0779
   843	-86.6712
   844	-86.2531
   845	-85.8307
   846	-85.4193
   847	-85.0411
   848	-84.7207
   849	-84.4804
   850	-84.3353
   851	-84.2902
   852	-84.3377
   853	-84.4568
   854	-84.614
   855	-84.7669
   856	-84.8687
   857	-84.8769
   858	-84.7594
   859	-84.502
   860	-84.1079
   861	-83.5932
   862	-82.9791
   863	-82.2833
   864	-81.5162
   865	-80.6809
   866	-79.7793
   867	-78.8194
   868	-77.8214
   869	-76.8198
   870	-75.856
   871	-74.972
   872	-74.202
   873	-73.567
   874	-73.0733
   875	-72.7133
   876	-72.4715
   877	-72.3297
   878	-72.2713
   879	-72.2824
   880	-72.3538
   881	-72.4778
   882	-72.6468
   883	-72.8495
   884	-73.0678
   885	-73.2777
   886	-73.45
   887	-73.554
   888	-73.5619
   889	-73.455
   890	-73.226
   891	-72.8799
   892	-72.4326
   893	-71.9082
   894	-71.3317
   895	-70.7227
   896	-70.0924
   897	-69.4405
   898	-68.7624
   899	-68.0561
   900	-67.3257
   901	-66.5901
   902	-65.8837
   903	-65.2504
   904	-64.7344
   905	-64.37
   906	-64.1749
   907	-64.1486
   908	-64.276
   909	-64.5348
   910	-64.902
   911	-65.3578
   912	-65.887
   913	-66.4765
   914	-67.1117
   915	-67.7745
   916	-68.4423
   917	-69.0867
   918	-69.6756
   919	-70.174
   920	-70.5509
   921	-70.7819
   922	-70.8529
   923	-70.7629
   924	-70.5244
   925	-70.1615
   926	-69.7051
   927	-69.1892
   928	-68.645
   929	-68.0995
   930	-67.5742
   931	-67.0861
   932	-66.6478
   933	-66.2686
   934	-65.9544
   935	-65.7036
   936	-65.5065
   937	-65.3465
   938	-65.2027
   939	-65.0558
   940	-64.8931
   941	-64.7126
   942	-64.5267
   943	-64.3611
   944	-64.2529
   945	-64.2466
   946	-64.3865
   947	-64.7097
   948	-65.2398
   949	-65.9823
   950	-66.9245
   951	-68.0376
   952	-69.2821
   953	-70.6139
   954	-71.9913
   955	-73.3752
   956	-74.7326
   957	-76.0318
   958	-77.2392
   959	-78.3134
   960	-79.2039
   961	-79.8552
   962	-80.2154
   963	-80.2475
   964	-79.9398
   965	-79.3116
   966	-78.4142
   967	-77.3275
   968	-76.1476
   969	-74.9719
   970	-73.8878
   971	-72.9581
   972	-72.2165
   973	-71.667
   974	-71.2924
   975	-71.0678
   976	-70.9706
   977	-70.9902
   978	-71.1293
   979	-71.4009
   980	-71.8188
   981	-72.3849
   982	-73.0798
   983	-73.861
   984	-74.6697
   985	-75.4431
   986	-76.129
   987	-76.6982
   988	-77.1498
   989	-77.5088
   990	-77.8162
   991	-78.1183
   992	-78.4535
   993	-78.8429
   994	-79.2869
   995	-79.7657
   996	-80.2464
   997	-80.6936
   998	-81.0754
   999	-81.3724
  1000	-81.583
  1001	-81.7221
  1002	-81.8167
  1003	-81.8971
  1004	-81.9876
  1005	-82.1001
  1006	-82.2321
  1007	-82.3694
  1008	-82.4955
  1009	-82.5979
  1010	-82.6763
  1011	-82.7451
  1012	-82.8312
  1013	-82.9679
  1014	-83.1844
  1015	-83.4961
  1016	-83.897
  1017	-84.3556
  1018	-84.8197
  1019	-85.2257
  1020	-85.5094
  1021	-85.6201
  1022	-85.5314
  1023	-85.2461
  1024	-84.7953
  1025	-84.2308
  1026	-83.6117
  1027	-82.9901
  1028	-82.3991
  1029	-81.8472
  1030	-81.3236
  1031	-80.8084
  1032	-80.2835
  1033	-79.7458
  1034	-79.2102
  1035	-78.706
  1036	-78.2692
  1037	-77.9314
  1038	-77.7092
  1039	-77.597
  1040	-77.5653
  1041	-77.5658
  1042	-77.5434
  1043	-77.4491
  1044	-77.2522
  1045	-76.9483
  1046	-76.5611
  1047	-76.1386
  1048	-75.7408
  1049	-75.4257
  1050	-75.231
  1051	-75.1646
  1052	-75.2007
  1053	-75.289
  1054	-75.3678
  1055	-75.3819
  1056	-75.2939
  1057	-75.0929
  1058	-74.7924
  1059	-74.4217
  1060	-74.0147
  1061	-73.5934
  1062	-73.1564
  1063	-72.6769
  1064	-72.1082
  1065	-71.4001
  1066	-70.5149
  1067	-69.442
  1068	-68.2046
  1069	-66.8602
  1070	-65.4944
  1071	-64.2035
  1072	-63.0706
  1073	-62.1422
  1074	-61.4165
  1075	-60.8495
  1076	-60.3691
  1077	-59.8999
  1078	-59.3836
  1079	-58.7954
  1080	-58.1486
  1081	-57.4883
  1082	-56.8716
  1083	-56.3465
  1084	-55.9302
  1085	-55.6008
  1086	-55.3017
  1087	-54.9606
  1088	-54.5116
  1089	-53.9175
  1090	-53.1814
  1091	-52.3491
  1092	-51.5016
  1093	-50.7399
  1094	-50.1642
  1095	-49.8507
  1096	-49.839
  1097	-50.1277
  1098	-50.679
  1099	-51.4305
  1100	-52.3123
  1101	-53.2616
  1102	-54.237
  1103	-55.2242
  1104	-56.2334
  1105	-57.2914
  1106	-58.425
  1107	-59.6453
  1108	-60.9333
  1109	-62.238
  1110	-63.4869
  1111	-64.5986
  1112	-65.5011
  1113	-66.1475
  1114	-66.5273
  1115	-66.6599
  1116	-66.5923
  1117	-66.3851
  1118	-66.0964
  1119	-65.7664
  1120	-65.4076
  1121	-65.0055
  1122	-64.5275
  1123	-63.9399
  1124	-63.2247
  1125	-62.3953
  1126	-61.5047
  1127	-60.6427
  1128	-59.9244
  1129	-59.4654
  1130	-59.3514
  1131	-59.6167
  1132	-60.236
  1133	-61.1404
  1134	-62.2437
  1135	-63.467
  1136	-64.7593
  1137	-66.1036
  1138	-67.5083
  1139	-68.9943
  1140	-70.5767
  1141	-72.2525
  1142	-73.9937
  1143	-75.7515
  1144	-77.4665
  1145	-79.0801
  1146	-80.5473
  1147	-81.8443
  1148	-82.9691
  1149	-83.9391
  1150	-84.7849
  1151	-85.5415
  1152	-86.2376
  1153	-86.889
  1154	-87.4936
  1155	-88.0328
  1156	-88.4792
  1157	-88.807
  1158	-89.004
  1159	-89.0773
  1160	-89.0529
  1161	-88.9698
  1162	-88.8708
  1163	-88.7921
  1164	-88.7562
  1165	-88.7705
  1166	-88.8277
  1167	-88.9092
  1168	-88.992
  1169	-89.054
  1170	-89.0808
  1171	-89.0707
  1172	-89.0356
  1173	-88.9989
  1174	-88.9884
  1175	-89.0275
  1176	-89.1268
  1177	-89.2794
  1178	-89.4612
  1179	-89.6368
  1180	-89.7678
  1181	-89.8245
  1182	-89.7932
  1183	-89.6807
  1184	-89.5127
  1185	-89.3287
  1186	-89.1728
  1187	-89.0839
  1188	-89.0879
  1189	-89.1916
  1190	-89.3849
  1191	-89.6469
  1192	-89.9551
  1193	-90.2944
  1194	-90.6647
  1195	-91.0807
  1196	-91.5689
  1197	-92.158
  1198	-92.8679
  1199	-93.7012
  1200	-94.6402
  1201	-95.6483
  1202	-96.6744
  1203	-97.6673
  1204	-98.5842
  1205	-99.3973
  1206	-100.098
  1207	-100.693
  1208	-101.201
  1209	-101.637
  1210	-102.004
  1211	-102.285
  1212	-102.444
  1213	-102.432
  1214	-102.205
  1215	-101.733
  1216	-101.015
  1217	-100.079
  1218	-98.9854
  1219	-97.8132
  1220	-96.6457
  1221	-95.5524
  1222	-94.5759
  1223	-93.727
  1224	-92.9879
  1225	-92.3289
  1226	-91.7196
  1227	-91.1456
  1228	-90.6142
  1229	-90.157
  1230	-89.8231
  1231	-89.6659
  1232	-89.7226
  1233	-89.9988
  1234	-90.4627
  1235	-91.0529
  1236	-91.6963
  1237	-92.3296
  1238	-92.9128
  1239	-93.4378
  1240	-93.9271
  1241	-94.4216
  1242	-94.9648
  1243	-95.5824
  1244	-96.271
  1245	-97.0007
  1246	-97.7193
  1247	-98.3649
  1248	-98.8787
  1249	-99.2177
  1250	-99.3599
  1251	-99.3089
  1252	-99.0911
  1253	-98.7499
  1254	-98.3325
  1255	-97.8749
  1256	-97.3902
  1257	-96.8649
  1258	-96.2627
  1259	-95.536
  1260	-94.6452
  1261	-93.5733
  1262	-92.3391
  1263	-90.9967
  1264	-89.6287
  1265	-88.3253
  1266	-87.1649
  1267	-86.1916
  1268	-85.4142
  1269	-84.8092
  1270	-84.3277
  1271	-83.9176
  1272	-83.5403
  1273	-83.1836
  1274	-82.8662
  1275	-82.6305
  1276	-82.5317
  1277	-82.6191
  1278	-82.9188
  1279	-83.4183
  1280	-84.0652
  1281	-84.7762
  1282	-85.4573
  1283	-86.0299
  1284	-86.4487
  1285	-86.711
  1286	-86.8537
  1287	-86.9397
  1288	-87.0361
  1289	-87.1908
  1290	-87.4144
  1291	-87.6761
  1292	-87.9145
  1293	-88.056
  1294	-88.0381
  1295	-87.8224
  1296	-87.4028
  1297	-86.808
  1298	-86.0961
  1299	-85.3462
  1300	-84.6427
  1301	-84.0528
  1302	-83.6064
  1303	-83.2861
  1304	-83.036
  1305	-82.7824
  1306	-82.4615
  1307	-82.0434
  1308	-81.5437
  1309	-81.0195
  1310	-80.5525
  1311	-80.2189
  1312	-80.0605
  1313	-80.0664
  1314	-80.1783
  1315	-80.3129
  1316	-80.3913
  1317	-80.36
  1318	-80.2044
  1319	-79.949
  1320	-79.6512
  1321	-79.3866
  1322	-79.2315
  1323	-79.2472
  1324	-79.4667
  1325	-79.8878
  1326	-80.478
  1327	-81.1837
  1328	-81.9472
  1329	-82.7219
  1330	-83.4816
  1331	-84.2241
  1332	-84.9671
  1333	-85.7329
  1334	-86.5321
  1335	-87.351
  1336	-88.15
  1337	-88.8716
  1338	-89.4542
  1339	-89.8477
  1340	-90.0282
  1341	-90.001
  1342	-89.7992
  1343	-89.4759
  1344	-89.092
  1345	-88.7066
  1346	-88.3652
  1347	-88.0933
  1348	-87.8968
  1349	-87.7641
  1350	-87.6709
  1351	-87.5893
  1352	-87.4957
  1353	-87.3792
  1354	-87.2444
  1355	-87.1106
  1356	-87.0059
  1357	-86.9581
  1358	-86.9824
  1359	-87.0743
  1360	-87.2068
  1361	-87.3377
  1362	-87.4258
  1363	-87.4462
  1364	-87.4025
  1365	-87.327
  1366	-87.2722
  1367	-87.2937
  1368	-87.4336
  1369	-87.7071
  1370	-88.098
  1371	-88.5632
  1372	-89.0422
  1373	-89.4742
  1374	-89.8103
  1375	-90.0215
  1376	-90.1029
  1377	-90.0742
  1378	-89.9752
  1379	-89.8558
  1380	-89.7612
  1381	-89.7192
  1382	-89.7307
  1383	-89.7734
  1384	-89.8152
  1385	-89.8326
  1386	-89.8273
  1387	-89.8332
  1388	-89.9102
  1389	-90.1284
  1390	-90.543
  1391	-91.1735
  1392	-91.9915
  1393	-92.9284
  1394	-93.8933
  1395	-94.7933
  1396	-95.555
  1397	-96.1385
  1398	-96.5392
  1399	-96.7832
  1400	-96.9158
  1401	-96.9862
  1402	-97.031
  1403	-97.0651
  1404	-97.0787
  1405	-97.0444
  1406	-96.9288
  1407	-96.7053
  1408	-96.3635
  1409	-95.916
  1410	-95.3989
  1411	-94.8674
  1412	-94.3835
  1413	-93.9981
  1414	-93.7358
  1415	-93.5874
  1416	-93.5118
  1417	-93.4504
  1418	-93.347
  1419	-93.1662
  1420	-92.9068
  1421	-92.6054
  1422	-92.3254
  1423	-92.1423
  1424	-92.1205
  1425	-92.2961
  1426	-92.6686
  1427	-93.2027
  1428	-93.8391
  1429	-94.5094
  1430	-95.15
  1431	-95.7136
  1432	-96.1762
  1433	-96.5377
  1434	-96.8177
  1435	-97.0434
  1436	-97.2355
  1437	-97.3971
  1438	-97.5067
  1439	-97.522
  1440	-97.3903
  1441	-97.0638
  1442	-96.5134
  1443	-95.7421
  1444	-94.7874
  1445	-93.7138
  1446	-92.6007
  1447	-91.5267
  1448	-90.5513
  1449	-89.7011
  1450	-88.9718
  1451	-88.3304
  1452	-87.731
  1453	-87.1293
  1454	-86.496
  1455	-85.8272
  1456	-85.1449
  1457	-84.4886
  1458	-83.9038
  1459	-83.4252
  1460	-83.0624
  1461	-82.794
  1462	-82.5735
  1463	-82.3449
  1464	-82.0613
  1465	-81.6991
  1466	-81.2671
  1467	-80.8037
  1468	-80.3682
  1469	-80.0247
  1470	-79.8206
  1471	-79.7714
  1472	-79.853
  1473	-80.004
  1474	-80.1416
  1475	-80.1801
  1476	-80.0501
  1477	-79.712
  1478	-79.1625
  1479	-78.4334
  1480	-77.5828
  1481	-76.678
  1482	-75.773
  1483	-74.8927
  1484	-74.0308
  1485	-73.1582
  1486	-72.2451
  1487	-71.2832
  1488	-70.298
  1489	-69.3516
  1490	-68.5324
  1491	-67.9299
  1492	-67.6078
  1493	-67.5784
  1494	-67.7988
  1495	-68.1835
  1496	-68.6289
  1497	-69.0398
  1498	-69.3476
  1499	-69.5196
  1500	-69.5549
  1501	-69.4745
  1502	-69.3073
  1503	-69.0765
  1504	-68.7915
  1505	-68.4478
  1506	-68.0336
  1507	-67.5399
  1508	-66.9683
  1509	-66.3376
  1510	-65.6842
  1511	-65.0588
  1512	-64.5191
  1513	-64.1209
  1514	-63.9096
  1515	-63.9099
  1516	-64.1217
  1517	-64.5191
  1518	-65.0543
  1519	-65.6677
  1520	-66.3028
  1521	-66.9189
  1522	-67.5013
  1523	-68.0597
  1524	-68.6209
  1525	-69.2136
  1526	-69.8584
  1527	-70.5624
  1528	-71.32
  1529	-72.1176
  1530	-72.939
  1531	-73.7697
  1532	-74.5961
  1533	-75.411
  1534	-76.2145
  1535	-77.0109
  1536	-77.8102
  1537	-78.6233
  1538	-79.4604
  1539	-80.3243
  1540	-81.2004
  1541	-82.0584
  1542	-82.8557
  1543	-83.5503
  1544	-84.1137
  1545	-84.5399
  1546	-84.8494
  1547	-85.0845
  1548	-85.297
  1549	-85.5311
  1550	-85.8071
  1551	-86.1145
  1552	-86.4188
  1553	-86.6771
  1554	-86.8558
  1555	-86.9411
  1556	-86.9426
  1557	-86.8894
  1558	-86.822
  1559	-86.7812
  1560	-86.7976
  1561	-86.8846
  1562	-87.0354
  1563	-87.2249
  1564	-87.4185
  1565	-87.5824
  1566	-87.6938
  1567	-87.7504
  1568	-87.7755
  1569	-87.8167
  1570	-87.9333
  1571	-88.1785
  1572	-88.5782
  1573	-89.1176
  1574	-89.7434
  1575	-90.3806
  1576	-90.954
  1577	-91.4086
  1578	-91.72
  1579	-91.8957
  1580	-91.9684
  1581	-91.9807
  1582	-91.9743
  1583	-91.9782
  1584	-92.0059
  1585	-92.0589
  1586	-92.1311
  1587	-92.2142
  1588	-92.2982
  1589	-92.373
  1590	-92.4333
  1591	-92.4834
  1592	-92.5426
  1593	-92.6422
  1594	-92.8158
  1595	-93.0848
  1596	-93.4464
  1597	-93.8731
  1598	-94.3169
  1599	-94.7223
  1600	-95.0411
  1601	-95.2415
  1602	-95.3105
  1603	-95.2527
  1604	-95.0865
  1605	-94.8394
  1606	-94.547
  1607	-94.2493
  1608	-93.9865
  1609	-93.7918
  1610	-93.6849
  1611	-93.67
  1612	-93.7385
  1613	-93.8766
  1614	-94.0758
  1615	-94.3382
  1616	-94.6765
  1617	-95.1107
  1618	-95.6603
  1619	-96.336
  1620	-97.1329
  1621	-98.0275
  1622	-98.9798
  1623	-99.944
  1624	-100.879
  1625	-101.757
  1626	-102.565
  1627	-103.306
  1628	-103.989
  1629	-104.619
  1630	-105.187
  1631	-105.672
  1632	-106.049
  1633	-106.299
  1634	-106.422
  1635	-106.433
  1636	-106.358
  1637	-106.224
  1638	-106.055
  1639	-105.865
  1640	-105.666
  1641	-105.462
  1642	-105.259
  1643	-105.057
  1644	-104.851
  1645	-104.628
  1646	-104.371
  1647	-104.074
  1648	-103.744
  1649	-103.406
  1650	-103.101
  1651	-102.869
  1652	-102.734
  1653	-102.699
  1654	-102.746
  1655	-102.854
  1656	-103.009
  1657	-103.209
  1658	-103.468
  1659	-103.805
  1660	-104.232
  1661	-104.746
  1662	-105.329
  1663	-105.95
  1664	-106.571
  1665	-107.152
  1666	-107.653
  1667	-108.038
  1668	-108.268
  1669	-108.31
  1670	-108.145
  1671	-107.767
  1672	-107.19
  1673	-106.443
  1674	-105.556
  1675	-104.554
  1676	-103.447
  1677	-102.241
  1678	-100.937
  1679	-99.5371
  1680	-98.063
  1681	-96.5523
  1682	-95.0534
  1683	-93.6191
  1684	-92.2956
  1685	-91.1136
  1686	-90.0868
  1687	-89.2167
  1688	-88.4955
  1689	-87.9097
  1690	-87.4462
  1691	-87.0914
  1692	-86.8324
  1693	-86.657
  1694	-86.5557
  1695	-86.5235
  1696	-86.5568
  1697	-86.6521
  1698	-86.8
  1699	-86.9813
  1700	-87.1669
  1701	-87.3209
  1702	-87.4071
  1703	-87.3975
  1704	-87.2786
  1705	-87.0542
  1706	-86.7443
  1707	-86.38
  1708	-85.9963
  1709	-85.6235
  1710	-85.2792
  1711	-84.9677
  1712	-84.6827
  1713	-84.4145
  1714	-84.1609
  1715	-83.9355
  1716	-83.7724
  1717	-83.7245
  1718	-83.8531
  1719	-84.212
  1720	-84.8287
  1721	-85.692
  1722	-86.7536
  1723	-87.9363
  1724	-89.1536
  1725	-90.3351
  1726	-91.4351
  1727	-92.436
  1728	-93.3386
  1729	-94.1496
  1730	-94.8727
  1731	-95.5009
  1732	-96.0189
  1733	-96.4071
  1734	-96.6511
  1735	-96.7509
  1736	-96.7251
  1737	-96.6119
  1738	-96.4673
  1739	-96.3591
  1740	-96.3561
  1741	-96.5155
  1742	-96.872
  1743	-97.432
  1744	-98.1759
  1745	-99.067
  1746	-100.062
  1747	-101.124
  1748	-102.225
  1749	-103.347
  1750	-104.477
  1751	-105.604
  1752	-106.715
  1753	-107.796
  1754	-108.83
  1755	-109.802
  1756	-110.699
  1757	-111.503
  1758	-112.202
  1759	-112.783
  1760	-113.24
  1761	-113.574
  1762	-113.797
  1763	-113.93
  1764	-113.994
  1765	-113.996
  1766	-113.927
  1767	-113.764
  1768	-113.475
  1769	-113.037
  1770	-112.447
  1771	-111.726
  1772	-110.917
  1773	-110.073
  1774	-109.242
  1775	-108.465
  1776	-107.769
  1777	-107.17
  1778	-106.679
  1779	-106.298
  1780	-106.024
  1781	-105.848
  1782	-105.757
  1783	-105.738
  1784	-105.779
  1785	-105.871
  1786	-106.006
  1787	-106.17
  1788	-106.342
  1789	-106.485
  1790	-106.554
  1791	-106.502
  1792	-106.29
  1793	-105.891
  1794	-105.302
  1795	-104.532
  1796	-103.603
  1797	-102.542
  1798	-101.374
  1799	-100.119
  1800	-98.7933
  1801	-97.4152
  1802	-96.001
  1803	-94.5759
  1804	-93.1737
  1805	-91.8273
  1806	-90.5756
  1807	-89.4616
  1808	-88.5353
  1809	-87.8439
  1810	-87.4142
  1811	-87.2398
  1812	-87.2784
  1813	-87.4599
  1814	-87.7059
  1815	-87.9516
  1816	-88.161
  1817	-88.3317
  1818	-88.489
  1819	-88.6696
  1820	-88.9024
  1821	-89.1947
  1822	-89.5267
  1823	-89.8566
  1824	-90.132
  1825	-90.3075
  1826	-90.3527
  1827	-90.2575
  1828	-90.0305
  1829	-89.6934
  1830	-89.2747
  1831	-88.8021
  1832	-88.2962
  1833	-87.7637
  1834	-87.1997
  1835	-86.5956
  1836	-85.9468
  1837	-85.2656
  1838	-84.5865
  1839	-83.9676
  1840	-83.4833
  1841	-83.2086
  1842	-83.2036
  1843	-83.499
  1844	-84.0958
  1845	-84.9706
  1846	-86.0848
  1847	-87.3928
  1848	-88.8434
  1849	-90.3795
  1850	-91.9381
  1851	-93.4559
  1852	-94.8747
  1853	-96.1573
  1854	-97.2899
  1855	-98.2729
  1856	-99.1151
  1857	-99.8263
  1858	-100.408
  1859	-100.858
  1860	-101.173
  1861	-101.358
  1862	-101.433
  1863	-101.429
  1864	-101.383
  1865	-101.336
  1866	-101.319
  1867	-101.353
  1868	-101.447
  1869	-101.6
  1870	-101.8
  1871	-102.032
  1872	-102.278
  1873	-102.522
  1874	-102.762
  1875	-103.003
  1876	-103.265
  1877	-103.577
  1878	-103.963
  1879	-104.436
  1880	-104.99
  1881	-105.597
  1882	-106.217
  1883	-106.806
  1884	-107.329
  1885	-107.758
  1886	-108.079
  1887	-108.285
  1888	-108.37
  1889	-108.329
  1890	-108.155
  1891	-107.842
  1892	-107.384
  1893	-106.779
  1894	-106.03
  1895	-105.142
  1896	-104.13
  1897	-103.019
  1898	-101.843
  1899	-100.643
  1900	-99.4696
  1901	-98.3672
  1902	-97.3706
  1903	-96.4966
  1904	-95.7445
  1905	-95.1041
  1906	-94.5638
  1907	-94.1177
  1908	-93.77
  1909	-93.5304
  1910	-93.4062
  1911	-93.3926
  1912	-93.4677
  1913	-93.5928
  1914	-93.7205
  1915	-93.8048
  1916	-93.8098
  1917	-93.714
  1918	-93.5114
  1919	-93.2072
  1920	-92.8156
  1921	-92.3547
  1922	-91.8458
  1923	-91.3074
  1924	-90.7562
  1925	-90.2057
  1926	-89.6671
  1927	-89.1518
  1928	-88.6723
  1929	-88.2447
  1930	-87.8883
  1931	-87.622
  1932	-87.4598
  1933	-87.4075
  1934	-87.4625
  1935	-87.6158
  1936	-87.8587
  1937	-88.1844
  1938	-88.588
  1939	-89.0645
  1940	-89.602
  1941	-90.1808
  1942	-90.7731
  1943	-91.3515
  1944	-91.8962
  1945	-92.3975
  1946	-92.8568
  1947	-93.2811
  1948	-93.6763
  1949	-94.0423
  1950	-94.3702
  1951	-94.6467
  1952	-94.8567
  1953	-94.9896
  1954	-95.0433
  1955	-95.0256
  1956	-94.9549
  1957	-94.856
  1958	-94.7574
  1959	-94.6839
  1960	-94.6518
  1961	-94.6663
  1962	-94.7236
  1963	-94.8159
  1964	-94.939
  1965	-95.0991
  1966	-95.3134
  1967	-95.6072
  1968	-96.0053
  1969	-96.523
  1970	-97.1587
  1971	-97.8941
  1972	-98.6995
  1973	-99.5415
  1974	-100.389
  1975	-101.216
  1976	-102.005
  1977	-102.741
  1978	-103.411
  1979	-104.002
  1980	-104.502
  1981	-104.902
  1982	-105.191
  1983	-105.361
  1984	-105.401
  1985	-105.3
  1986	-105.047
  1987	-104.636
  1988	-104.072
  1989	-103.371
  1990	-102.559
  1991	-101.672
  1992	-100.751
  1993	-99.8298
  1994	-98.9392
  1995	-98.1001
  1996	-97.3286
  1997	-96.6364
  1998	-96.0327
  1999	-95.5238
  2000	-95.1102
  2001	-94.7874
