     1	148.735
     2	148.712
     3	148.477
     4	148.054
     5	147.48
     6	146.8
     7	146.059
     8	145.304
     9	144.576
    10	143.908
    11	143.322
    12	142.827
    13	142.423
    14	142.107
    15	141.876
    16	141.732
    17	141.682
    18	141.733
    19	141.888
    20	142.143
    21	142.483
    22	142.887
    23	143.329
    24	143.787
    25	144.243
    26	144.69
    27	145.127
    28	145.563
    29	146.014
    30	146.497
    31	147.03
    32	147.625
    33	148.28
    34	148.98
    35	149.693
    36	150.373
    37	150.968
    38	151.437
    39	151.754
    40	151.916
    41	151.942
    42	151.87
    43	151.738
    44	151.577
    45	151.402
    46	151.21
    47	150.989
    48	150.724
    49	150.414
    50	150.072
    51	149.725
    52	149.414
    53	149.184
    54	149.071
    55	149.093
    56	149.245
    57	149.501
    58	149.813
    59	150.125
    60	150.383
    61	150.547
    62	150.596
    63	150.531
    64	150.375
    65	150.16
    66	149.918
    67	149.667
    68	149.406
    69	149.111
    70	148.751
    71	148.301
    72	147.751
    73	147.117
    74	146.434
    75	145.745
    76	145.091
    77	144.496
    78	143.964
    79	143.48
    80	143.013
    81	142.529
    82	142.001
    83	141.415
    84	140.779
    85	140.117
    86	139.465
    87	138.869
    88	138.37
    89	137.995
    90	137.76
    91	137.662
    92	137.689
    93	137.821
    94	138.042
    95	138.343
    96	138.721
    97	139.177
    98	139.715
    99	140.332
   100	141.021
   101	141.768
   102	142.552
   103	143.343
   104	144.11
   105	144.818
   106	145.432
   107	145.917
   108	146.248
   109	146.406
   110	146.386
   111	146.197
   112	145.858
   113	145.392
   114	144.821
   115	144.158
   116	143.405
   117	142.563
   118	141.631
   119	140.616
   120	139.542
   121	138.445
   122	137.375
   123	136.383
   124	135.521
   125	134.826
   126	134.325
   127	134.031
   128	133.946
   129	134.069
   130	134.398
   131	134.932
   132	135.675
   133	136.627
   134	137.781
   135	139.115
   136	140.587
   137	142.133
   138	143.678
   139	145.142
   140	146.454
   141	147.564
   142	148.446
   143	149.099
   144	149.539
   145	149.784
   146	149.849
   147	149.737
   148	149.436
   149	148.927
   150	148.198
   151	147.246
   152	146.087
   153	144.758
   154	143.316
   155	141.823
   156	140.343
   157	138.933
   158	137.633
   159	136.461
   160	135.417
   161	134.489
   162	133.66
   163	132.922
   164	132.283
   165	131.766
   166	131.405
   167	131.238
   168	131.288
   169	131.564
   170	132.045
   171	132.697
   172	133.47
   173	134.316
   174	135.193
   175	136.068
   176	136.916
   177	137.717
   178	138.461
   179	139.14
   180	139.75
   181	140.285
   182	140.734
   183	141.078
   184	141.291
   185	141.341
   186	141.204
   187	140.867
   188	140.338
   189	139.644
   190	138.832
   191	137.961
   192	137.088
   193	136.264
   194	135.529
   195	134.901
   196	134.386
   197	133.98
   198	133.678
   199	133.477
   200	133.381
   201	133.402
   202	133.557
   203	133.864
   204	134.335
   205	134.965
   206	135.732
   207	136.594
   208	137.497
   209	138.385
   210	139.213
   211	139.956
   212	140.613
   213	141.205
   214	141.759
   215	142.303
   216	142.843
   217	143.367
   218	143.841
   219	144.222
   220	144.475
   221	144.58
   222	144.538
   223	144.371
   224	144.115
   225	143.807
   226	143.476
   227	143.136
   228	142.783
   229	142.4
   230	141.965
   231	141.461
   232	140.885
   233	140.255
   234	139.61
   235	139
   236	138.479
   237	138.085
   238	137.841
   239	137.742
   240	137.771
   241	137.901
   242	138.113
   243	138.396
   244	138.758
   245	139.207
   246	139.754
   247	140.397
   248	141.117
   249	141.88
   250	142.644
   251	143.366
   252	144.01
   253	144.551
   254	144.984
   255	145.313
   256	145.549
   257	145.709
   258	145.804
   259	145.844
   260	145.834
   261	145.774
   262	145.667
   263	145.516
   264	145.331
   265	145.125
   266	144.914
   267	144.718
   268	144.55
   269	144.421
   270	144.336
   271	144.296
   272	144.301
   273	144.349
   274	144.444
   275	144.59
   276	144.792
   277	145.053
   278	145.373
   279	145.749
   280	146.178
   281	146.658
   282	147.194
   283	147.79
   284	148.449
   285	149.165
   286	149.921
   287	150.685
   288	151.422
   289	152.093
   290	152.671
   291	153.141
   292	153.501
   293	153.762
   294	153.937
   295	154.035
   296	154.059
   297	154.001
   298	153.852
   299	153.603
   300	153.256
   301	152.824
   302	152.335
   303	151.829
   304	151.355
   305	150.965
   306	150.7
   307	150.587
   308	150.629
   309	150.807
   310	151.088
   311	151.432
   312	151.81
   313	152.205
   314	152.618
   315	153.062
   316	153.548
   317	154.08
   318	154.644
   319	155.21
   320	155.74
   321	156.195
   322	156.549
   323	156.788
   324	156.916
   325	156.95
   326	156.91
   327	156.817
   328	156.689
   329	156.529
   330	156.338
   331	156.107
   332	155.827
   333	155.491
   334	155.096
   335	154.645
   336	154.15
   337	153.622
   338	153.077
   339	152.527
   340	151.987
   341	151.467
   342	150.98
   343	150.538
   344	150.155
   345	149.841
   346	149.605
   347	149.453
   348	149.387
   349	149.405
   350	149.508
   351	149.697
   352	149.976
   353	150.347
   354	150.811
   355	151.362
   356	151.987
   357	152.669
   358	153.385
   359	154.115
   360	154.844
   361	155.566
   362	156.28
   363	156.989
   364	157.694
   365	158.388
   366	159.055
   367	159.676
   368	160.228
   369	160.695
   370	161.071
   371	161.361
   372	161.583
   373	161.758
   374	161.908
   375	162.046
   376	162.172
   377	162.271
   378	162.319
   379	162.294
   380	162.179
   381	161.977
   382	161.709
   383	161.412
   384	161.135
   385	160.92
   386	160.795
   387	160.763
   388	160.805
   389	160.885
   390	160.963
   391	161.008
   392	161.011
   393	160.979
   394	160.94
   395	160.924
   396	160.956
   397	161.04
   398	161.162
   399	161.289
   400	161.385
   401	161.417
   402	161.372
   403	161.256
   404	161.095
   405	160.927
   406	160.792
   407	160.721
   408	160.726
   409	160.801
   410	160.918
   411	161.041
   412	161.135
   413	161.174
   414	161.151
   415	161.077
   416	160.972
   417	160.862
   418	160.766
   419	160.697
   420	160.652
   421	160.623
   422	160.6
   423	160.574
   424	160.542
   425	160.508
   426	160.479
   427	160.464
   428	160.469
   429	160.498
   430	160.551
   431	160.619
   432	160.689
   433	160.743
   434	160.76
   435	160.718
   436	160.604
   437	160.41
   438	160.137
   439	159.799
   440	159.414
   441	159.012
   442	158.62
   443	158.265
   444	157.967
   445	157.735
   446	157.571
   447	157.469
   448	157.42
   449	157.417
   450	157.457
   451	157.539
   452	157.668
   453	157.845
   454	158.063
   455	158.307
   456	158.55
   457	158.758
   458	158.894
   459	158.932
   460	158.856
   461	158.669
   462	158.385
   463	158.033
   464	157.639
   465	157.225
   466	156.802
   467	156.365
   468	155.9
   469	155.392
   470	154.826
   471	154.202
   472	153.532
   473	152.837
   474	152.145
   475	151.478
   476	150.85
   477	150.257
   478	149.684
   479	149.113
   480	148.527
   481	147.925
   482	147.326
   483	146.764
   484	146.284
   485	145.925
   486	145.714
   487	145.654
   488	145.727
   489	145.9
   490	146.133
   491	146.394
   492	146.66
   493	146.921
   494	147.175
   495	147.429
   496	147.681
   497	147.923
   498	148.135
   499	148.284
   500	148.333
   501	148.249
   502	148.009
   503	147.607
   504	147.055
   505	146.377
   506	145.609
   507	144.786
   508	143.936
   509	143.077
   510	142.221
   511	141.375
   512	140.546
   513	139.745
   514	138.989
   515	138.301
   516	137.701
   517	137.206
   518	136.827
   519	136.567
   520	136.424
   521	136.391
   522	136.46
   523	136.621
   524	136.865
   525	137.179
   526	137.55
   527	137.964
   528	138.405
   529	138.858
   530	139.311
   531	139.758
   532	140.193
   533	140.618
   534	141.029
   535	141.421
   536	141.781
   537	142.089
   538	142.319
   539	142.445
   540	142.445
   541	142.312
   542	142.048
   543	141.673
   544	141.209
   545	140.682
   546	140.11
   547	139.505
   548	138.868
   549	138.196
   550	137.49
   551	136.756
   552	136.011
   553	135.279
   554	134.59
   555	133.974
   556	133.451
   557	133.031
   558	132.712
   559	132.48
   560	132.316
   561	132.205
   562	132.136
   563	132.11
   564	132.135
   565	132.222
   566	132.384
   567	132.622
   568	132.932
   569	133.296
   570	133.694
   571	134.099
   572	134.488
   573	134.84
   574	135.14
   575	135.375
   576	135.533
   577	135.602
   578	135.573
   579	135.437
   580	135.191
   581	134.839
   582	134.387
   583	133.849
   584	133.236
   585	132.554
   586	131.809
   587	130.999
   588	130.125
   589	129.191
   590	128.209
   591	127.201
   592	126.198
   593	125.235
   594	124.347
   595	123.562
   596	122.897
   597	122.359
   598	121.944
   599	121.645
   600	121.456
   601	121.376
   602	121.411
   603	121.572
   604	121.872
   605	122.314
   606	122.892
   607	123.581
   608	124.347
   609	125.15
   610	125.953
   611	126.729
   612	127.467
   613	128.164
   614	128.826
   615	129.459
   616	130.06
   617	130.615
   618	131.103
   619	131.496
   620	131.769
   621	131.903
   622	131.891
   623	131.741
   624	131.474
   625	131.117
   626	130.701
   627	130.254
   628	129.796
   629	129.342
   630	128.9
   631	128.476
   632	128.077
   633	127.713
   634	127.398
   635	127.146
   636	126.973
   637	126.891
   638	126.904
   639	127.011
   640	127.198
   641	127.443
   642	127.714
   643	127.977
   644	128.198
   645	128.351
   646	128.417
   647	128.393
   648	128.29
   649	128.129
   650	127.939
   651	127.75
   652	127.583
   653	127.453
   654	127.362
   655	127.305
   656	127.275
   657	127.269
   658	127.289
   659	127.351
   660	127.472
   661	127.668
   662	127.944
   663	128.285
   664	128.653
   665	128.995
   666	129.253
   667	129.376
   668	129.336
   669	129.131
   670	128.786
   671	128.349
   672	127.877
   673	127.422
   674	127.019
   675	126.68
   676	126.399
   677	126.156
   678	125.926
   679	125.694
   680	125.457
   681	125.233
   682	125.053
   683	124.953
   684	124.963
   685	125.094
   686	125.336
   687	125.651
   688	125.989
   689	126.301
   690	126.55
   691	126.724
   692	126.832
   693	126.898
   694	126.951
   695	127.007
   696	127.069
   697	127.121
   698	127.137
   699	127.09
   700	126.961
   701	126.745
   702	126.454
   703	126.113
   704	125.753
   705	125.412
   706	125.121
   707	124.901
   708	124.764
   709	124.713
   710	124.743
   711	124.85
   712	125.033
   713	125.303
   714	125.677
   715	126.176
   716	126.815
   717	127.595
   718	128.5
   719	129.496
   720	130.541
   721	131.59
   722	132.601
   723	133.547
   724	134.408
   725	135.17
   726	135.821
   727	136.35
   728	136.742
   729	136.982
   730	137.056
   731	136.957
   732	136.683
   733	136.243
   734	135.657
   735	134.952
   736	134.163
   737	133.332
   738	132.503
   739	131.719
   740	131.016
   741	130.416
   742	129.925
   743	129.541
   744	129.253
   745	129.05
   746	128.923
   747	128.869
   748	128.898
   749	129.019
   750	129.246
   751	129.584
   752	130.029
   753	130.563
   754	131.161
   755	131.79
   756	132.421
   757	133.032
   758	133.613
   759	134.164
   760	134.696
   761	135.22
   762	135.743
   763	136.261
   764	136.757
   765	137.199
   766	137.553
   767	137.786
   768	137.879
   769	137.829
   770	137.657
   771	137.398
   772	137.099
   773	136.798
   774	136.522
   775	136.279
   776	136.058
   777	135.846
   778	135.629
   779	135.407
   780	135.194
   781	135.017
   782	134.908
   783	134.896
   784	134.997
   785	135.207
   786	135.501
   787	135.838
   788	136.17
   789	136.45
   790	136.648
   791	136.758
   792	136.794
   793	136.791
   794	136.793
   795	136.838
   796	136.951
   797	137.135
   798	137.37
   799	137.629
   800	137.886
   801	138.124
   802	138.344
   803	138.559
   804	138.789
   805	139.05
   806	139.348
   807	139.673
   808	139.998
   809	140.288
   810	140.501
   811	140.603
   812	140.572
   813	140.401
   814	140.1
   815	139.695
   816	139.218
   817	138.706
   818	138.193
   819	137.701
   820	137.242
   821	136.821
   822	136.437
   823	136.088
   824	135.781
   825	135.526
   826	135.343
   827	135.252
   828	135.272
   829	135.411
   830	135.665
   831	136.016
   832	136.433
   833	136.881
   834	137.323
   835	137.733
   836	138.089
   837	138.382
   838	138.608
   839	138.768
   840	138.864
   841	138.901
   842	138.879
   843	138.794
   844	138.638
   845	138.398
   846	138.059
   847	137.609
   848	137.043
   849	136.368
   850	135.604
   851	134.775
   852	133.907
   853	133.019
   854	132.118
   855	131.204
   856	130.274
   857	129.331
   858	128.39
   859	127.478
   860	126.63
   861	125.886
   862	125.275
   863	124.817
   864	124.518
   865	124.37
   866	124.358
   867	124.466
   868	124.679
   869	124.985
   870	125.375
   871	125.837
   872	126.357
   873	126.909
   874	127.455
   875	127.949
   876	128.341
   877	128.587
   878	128.659
   879	128.551
   880	128.281
   881	127.883
   882	127.398
   883	126.861
   884	126.299
   885	125.716
   886	125.105
   887	124.454
   888	123.755
   889	123.012
   890	122.249
   891	121.504
   892	120.823
   893	120.248
   894	119.809
   895	119.514
   896	119.348
   897	119.278
   898	119.264
   899	119.269
   900	119.269
   901	119.255
   902	119.236
   903	119.227
   904	119.245
   905	119.3
   906	119.389
   907	119.498
   908	119.605
   909	119.686
   910	119.725
   911	119.715
   912	119.657
   913	119.562
   914	119.441
   915	119.303
   916	119.148
   917	118.971
   918	118.757
   919	118.487
   920	118.145
   921	117.716
   922	117.194
   923	116.576
   924	115.865
   925	115.067
   926	114.191
   927	113.25
   928	112.266
   929	111.266
   930	110.288
   931	109.373
   932	108.561
   933	107.89
   934	107.387
   935	107.066
   936	106.926
   937	106.952
   938	107.119
   939	107.395
   940	107.754
   941	108.174
   942	108.643
   943	109.156
   944	109.715
   945	110.324
   946	110.983
   947	111.684
   948	112.415
   949	113.157
   950	113.891
   951	114.6
   952	115.268
   953	115.885
   954	116.444
   955	116.938
   956	117.367
   957	117.733
   958	118.038
   959	118.279
   960	118.445
   961	118.516
   962	118.464
   963	118.263
   964	117.899
   965	117.374
   966	116.712
   967	115.954
   968	115.152
   969	114.36
   970	113.62
   971	112.957
   972	112.378
   973	111.872
   974	111.424
   975	111.017
   976	110.647
   977	110.323
   978	110.071
   979	109.928
   980	109.931
   981	110.107
   982	110.464
   983	110.984
   984	111.629
   985	112.353
   986	113.108
   987	113.861
   988	114.594
   989	115.306
   990	116.004
   991	116.693
   992	117.371
   993	118.021
   994	118.614
   995	119.115
   996	119.489
   997	119.709
   998	119.762
   999	119.647
  1000	119.38
  1001	118.984
  1002	118.483
  1003	117.903
  1004	117.26
  1005	116.568
  1006	115.83
  1007	115.052
  1008	114.242
  1009	113.415
  1010	112.59
  1011	111.798
  1012	111.068
  1013	110.436
  1014	109.936
  1015	109.595
  1016	109.428
  1017	109.432
  1018	109.584
  1019	109.846
  1020	110.166
  1021	110.496
  1022	110.795
  1023	111.038
  1024	111.225
  1025	111.373
  1026	111.51
  1027	111.662
  1028	111.847
  1029	112.066
  1030	112.305
  1031	112.542
  1032	112.749
  1033	112.903
  1034	112.987
  1035	112.994
  1036	112.929
  1037	112.806
  1038	112.647
  1039	112.473
  1040	112.292
  1041	112.098
  1042	111.87
  1043	111.577
  1044	111.191
  1045	110.707
  1046	110.149
  1047	109.574
  1048	109.061
  1049	108.686
  1050	108.507
  1051	108.544
  1052	108.778
  1053	109.162
  1054	109.638
  1055	110.155
  1056	110.677
  1057	111.195
  1058	111.715
  1059	112.255
  1060	112.829
  1061	113.437
  1062	114.053
  1063	114.627
  1064	115.092
  1065	115.377
  1066	115.422
  1067	115.197
  1068	114.708
  1069	114.001
  1070	113.153
  1071	112.255
  1072	111.388
  1073	110.604
  1074	109.918
  1075	109.314
  1076	108.761
  1077	108.228
  1078	107.697
  1079	107.172
  1080	106.679
  1081	106.255
  1082	105.939
  1083	105.757
  1084	105.713
  1085	105.781
  1086	105.916
  1087	106.06
  1088	106.162
  1089	106.193
  1090	106.153
  1091	106.074
  1092	106.008
  1093	106.02
  1094	106.164
  1095	106.47
  1096	106.939
  1097	107.538
  1098	108.219
  1099	108.925
  1100	109.607
  1101	110.23
  1102	110.774
  1103	111.234
  1104	111.615
  1105	111.934
  1106	112.206
  1107	112.444
  1108	112.644
  1109	112.788
  1110	112.843
  1111	112.769
  1112	112.536
  1113	112.129
  1114	111.557
  1115	110.857
  1116	110.087
  1117	109.312
  1118	108.592
  1119	107.967
  1120	107.448
  1121	107.021
  1122	106.654
  1123	106.311
  1124	105.967
  1125	105.619
  1126	105.295
  1127	105.049
  1128	104.954
  1129	105.078
  1130	105.46
  1131	106.101
  1132	106.952
  1133	107.932
  1134	108.953
  1135	109.931
  1136	110.813
  1137	111.58
  1138	112.243
  1139	112.831
  1140	113.375
  1141	113.895
  1142	114.383
  1143	114.814
  1144	115.144
  1145	115.331
  1146	115.344
  1147	115.173
  1148	114.829
  1149	114.344
  1150	113.758
  1151	113.114
  1152	112.444
  1153	111.769
  1154	111.097
  1155	110.424
  1156	109.741
  1157	109.043
  1158	108.329
  1159	107.604
  1160	106.885
  1161	106.194
  1162	105.558
  1163	105
  1164	104.538
  1165	104.184
  1166	103.944
  1167	103.817
  1168	103.8
  1169	103.891
  1170	104.086
  1171	104.387
  1172	104.793
  1173	105.301
  1174	105.903
  1175	106.58
  1176	107.309
  1177	108.057
  1178	108.787
  1179	109.459
  1180	110.037
  1181	110.487
  1182	110.789
  1183	110.931
  1184	110.922
  1185	110.785
  1186	110.559
  1187	110.286
  1188	109.998
  1189	109.715
  1190	109.44
  1191	109.162
  1192	108.873
  1193	108.569
  1194	108.265
  1195	107.993
  1196	107.795
  1197	107.712
  1198	107.777
  1199	107.997
  1200	108.355
  1201	108.814
  1202	109.319
  1203	109.815
  1204	110.257
  1205	110.618
  1206	110.899
  1207	111.122
  1208	111.322
  1209	111.534
  1210	111.779
  1211	112.049
  1212	112.315
  1213	112.528
  1214	112.637
  1215	112.608
  1216	112.434
  1217	112.143
  1218	111.789
  1219	111.445
  1220	111.177
  1221	111.025
  1222	110.993
  1223	111.041
  1224	111.102
  1225	111.101
  1226	110.978
  1227	110.707
  1228	110.302
  1229	109.814
  1230	109.311
  1231	108.863
  1232	108.516
  1233	108.281
  1234	108.135
  1235	108.035
  1236	107.93
  1237	107.785
  1238	107.581
  1239	107.329
  1240	107.058
  1241	106.809
  1242	106.621
  1243	106.524
  1244	106.525
  1245	106.613
  1246	106.753
  1247	106.902
  1248	107.019
  1249	107.071
  1250	107.047
  1251	106.956
  1252	106.825
  1253	106.689
  1254	106.579
  1255	106.507
  1256	106.463
  1257	106.415
  1258	106.321
  1259	106.139
  1260	105.839
  1261	105.409
  1262	104.855
  1263	104.199
  1264	103.48
  1265	102.743
  1266	102.034
  1267	101.394
  1268	100.848
  1269	100.408
  1270	100.063
  1271	99.7925
  1272	99.5743
  1273	99.394
  1274	99.2553
  1275	99.181
  1276	99.2073
  1277	99.3704
  1278	99.6905
  1279	100.159
  1280	100.737
  1281	101.36
  1282	101.954
  1283	102.453
  1284	102.812
  1285	103.019
  1286	103.095
  1287	103.084
  1288	103.048
  1289	103.04
  1290	103.092
  1291	103.203
  1292	103.341
  1293	103.455
  1294	103.492
  1295	103.414
  1296	103.217
  1297	102.931
  1298	102.621
  1299	102.365
  1300	102.235
  1301	102.276
  1302	102.487
  1303	102.823
  1304	103.207
  1305	103.56
  1306	103.819
  1307	103.961
  1308	104.005
  1309	104.007
  1310	104.044
  1311	104.184
  1312	104.465
  1313	104.875
  1314	105.364
  1315	105.849
  1316	106.249
  1317	106.503
  1318	106.593
  1319	106.54
  1320	106.4
  1321	106.247
  1322	106.141
  1323	106.121
  1324	106.188
  1325	106.31
  1326	106.437
  1327	106.523
  1328	106.535
  1329	106.468
  1330	106.345
  1331	106.205
  1332	106.094
  1333	106.055
  1334	106.11
  1335	106.261
  1336	106.487
  1337	106.754
  1338	107.023
  1339	107.264
  1340	107.463
  1341	107.623
  1342	107.763
  1343	107.911
  1344	108.095
  1345	108.338
  1346	108.649
  1347	109.025
  1348	109.451
  1349	109.902
  1350	110.352
  1351	110.775
  1352	111.152
  1353	111.468
  1354	111.719
  1355	111.912
  1356	112.06
  1357	112.184
  1358	112.299
  1359	112.415
  1360	112.529
  1361	112.629
  1362	112.696
  1363	112.713
  1364	112.675
  1365	112.588
  1366	112.482
  1367	112.397
  1368	112.382
  1369	112.477
  1370	112.701
  1371	113.044
  1372	113.465
  1373	113.9
  1374	114.281
  1375	114.553
  1376	114.683
  1377	114.671
  1378	114.545
  1379	114.346
  1380	114.116
  1381	113.879
  1382	113.64
  1383	113.381
  1384	113.077
  1385	112.71
  1386	112.284
  1387	111.832
  1388	111.415
  1389	111.109
  1390	110.988
  1391	111.097
  1392	111.442
  1393	111.985
  1394	112.651
  1395	113.351
  1396	114.001
  1397	114.55
  1398	114.982
  1399	115.319
  1400	115.608
  1401	115.896
  1402	116.208
  1403	116.539
  1404	116.849
  1405	117.079
  1406	117.172
  1407	117.092
  1408	116.838
  1409	116.448
  1410	115.992
  1411	115.555
  1412	115.215
  1413	115.025
  1414	114.996
  1415	115.099
  1416	115.274
  1417	115.449
  1418	115.562
  1419	115.58
  1420	115.503
  1421	115.366
  1422	115.22
  1423	115.123
  1424	115.118
  1425	115.219
  1426	115.412
  1427	115.661
  1428	115.923
  1429	116.159
  1430	116.348
  1431	116.486
  1432	116.59
  1433	116.686
  1434	116.8
  1435	116.958
  1436	117.167
  1437	117.419
  1438	117.692
  1439	117.948
  1440	118.151
  1441	118.27
  1442	118.287
  1443	118.2
  1444	118.025
  1445	117.791
  1446	117.541
  1447	117.318
  1448	117.165
  1449	117.112
  1450	117.17
  1451	117.33
  1452	117.564
  1453	117.835
  1454	118.106
  1455	118.359
  1456	118.594
  1457	118.835
  1458	119.116
  1459	119.471
  1460	119.916
  1461	120.439
  1462	121
  1463	121.54
  1464	122.002
  1465	122.345
  1466	122.554
  1467	122.649
  1468	122.676
  1469	122.694
  1470	122.763
  1471	122.917
  1472	123.16
  1473	123.461
  1474	123.764
  1475	124.003
  1476	124.122
  1477	124.096
  1478	123.934
  1479	123.682
  1480	123.409
  1481	123.19
  1482	123.071
  1483	123.061
  1484	123.126
  1485	123.203
  1486	123.23
  1487	123.168
  1488	123.018
  1489	122.818
  1490	122.632
  1491	122.526
  1492	122.543
  1493	122.691
  1494	122.94
  1495	123.231
  1496	123.495
  1497	123.672
  1498	123.725
  1499	123.645
  1500	123.447
  1501	123.163
  1502	122.831
  1503	122.483
  1504	122.141
  1505	121.814
  1506	121.499
  1507	121.191
  1508	120.89
  1509	120.607
  1510	120.368
  1511	120.209
  1512	120.164
  1513	120.255
  1514	120.487
  1515	120.846
  1516	121.302
  1517	121.824
  1518	122.388
  1519	122.981
  1520	123.598
  1521	124.243
  1522	124.915
  1523	125.611
  1524	126.321
  1525	127.027
  1526	127.713
  1527	128.369
  1528	128.991
  1529	129.586
  1530	130.159
  1531	130.712
  1532	131.24
  1533	131.729
  1534	132.168
  1535	132.551
  1536	132.882
  1537	133.178
  1538	133.467
  1539	133.771
  1540	134.103
  1541	134.461
  1542	134.823
  1543	135.162
  1544	135.457
  1545	135.7
  1546	135.904
  1547	136.105
  1548	136.35
  1549	136.686
  1550	137.144
  1551	137.726
  1552	138.399
  1553	139.106
  1554	139.779
  1555	140.35
  1556	140.773
  1557	141.029
  1558	141.132
  1559	141.118
  1560	141.03
  1561	140.898
  1562	140.729
  1563	140.502
  1564	140.184
  1565	139.743
  1566	139.173
  1567	138.5
  1568	137.783
  1569	137.098
  1570	136.523
  1571	136.117
  1572	135.906
  1573	135.881
  1574	136.004
  1575	136.223
  1576	136.487
  1577	136.754
  1578	137.005
  1579	137.235
  1580	137.456
  1581	137.686
  1582	137.94
  1583	138.216
  1584	138.497
  1585	138.749
  1586	138.939
  1587	139.04
  1588	139.052
  1589	138.995
  1590	138.907
  1591	138.825
  1592	138.775
  1593	138.755
  1594	138.746
  1595	138.713
  1596	138.623
  1597	138.458
  1598	138.211
  1599	137.888
  1600	137.495
  1601	137.026
  1602	136.471
  1603	135.812
  1604	135.039
  1605	134.16
  1606	133.204
  1607	132.22
  1608	131.263
  1609	130.382
  1610	129.616
  1611	128.984
  1612	128.484
  1613	128.104
  1614	127.826
  1615	127.636
  1616	127.53
  1617	127.516
  1618	127.612
  1619	127.836
  1620	128.197
  1621	128.685
  1622	129.262
  1623	129.872
  1624	130.449
  1625	130.93
  1626	131.275
  1627	131.473
  1628	131.546
  1629	131.538
  1630	131.499
  1631	131.467
  1632	131.455
  1633	131.442
  1634	131.388
  1635	131.242
  1636	130.969
  1637	130.559
  1638	130.033
  1639	129.443
  1640	128.843
  1641	128.28
  1642	127.774
  1643	127.316
  1644	126.878
  1645	126.432
  1646	125.968
  1647	125.502
  1648	125.072
  1649	124.729
  1650	124.521
  1651	124.479
  1652	124.613
  1653	124.909
  1654	125.337
  1655	125.865
  1656	126.465
  1657	127.118
  1658	127.824
  1659	128.59
  1660	129.426
  1661	130.328
  1662	131.273
  1663	132.212
  1664	133.078
  1665	133.8
  1666	134.319
  1667	134.604
  1668	134.654
  1669	134.495
  1670	134.164
  1671	133.694
  1672	133.102
  1673	132.386
  1674	131.529
  1675	130.511
  1676	129.321
  1677	127.976
  1678	126.51
  1679	124.977
  1680	123.442
  1681	121.967
  1682	120.605
  1683	119.393
  1684	118.357
  1685	117.512
  1686	116.867
  1687	116.428
  1688	116.198
  1689	116.172
  1690	116.34
  1691	116.683
  1692	117.17
  1693	117.766
  1694	118.432
  1695	119.132
  1696	119.838
  1697	120.533
  1698	121.205
  1699	121.85
  1700	122.458
  1701	123.014
  1702	123.495
  1703	123.868
  1704	124.109
  1705	124.207
  1706	124.172
  1707	124.039
  1708	123.86
  1709	123.687
  1710	123.557
  1711	123.482
  1712	123.446
  1713	123.413
  1714	123.35
  1715	123.235
  1716	123.079
  1717	122.917
  1718	122.803
  1719	122.792
  1720	122.92
  1721	123.194
  1722	123.591
  1723	124.059
  1724	124.544
  1725	125.002
  1726	125.412
  1727	125.783
  1728	126.145
  1729	126.54
  1730	127.002
  1731	127.548
  1732	128.168
  1733	128.827
  1734	129.477
  1735	130.072
  1736	130.585
  1737	131.018
  1738	131.395
  1739	131.757
  1740	132.146
  1741	132.587
  1742	133.082
  1743	133.601
  1744	134.102
  1745	134.538
  1746	134.877
  1747	135.111
  1748	135.254
  1749	135.334
  1750	135.381
  1751	135.415
  1752	135.438
  1753	135.435
  1754	135.381
  1755	135.253
  1756	135.038
  1757	134.741
  1758	134.385
  1759	134
  1760	133.625
  1761	133.29
  1762	133.014
  1763	132.801
  1764	132.644
  1765	132.529
  1766	132.444
  1767	132.387
  1768	132.361
  1769	132.378
  1770	132.447
  1771	132.572
  1772	132.744
  1773	132.947
  1774	133.162
  1775	133.368
  1776	133.555
  1777	133.72
  1778	133.867
  1779	134.001
  1780	134.122
  1781	134.226
  1782	134.299
  1783	134.32
  1784	134.274
  1785	134.149
  1786	133.944
  1787	133.674
  1788	133.36
  1789	133.021
  1790	132.67
  1791	132.302
  1792	131.897
  1793	131.427
  1794	130.868
  1795	130.207
  1796	129.458
  1797	128.657
  1798	127.86
  1799	127.119
  1800	126.479
  1801	125.957
  1802	125.544
  1803	125.217
  1804	124.949
  1805	124.724
  1806	124.548
  1807	124.446
  1808	124.455
  1809	124.611
  1810	124.923
  1811	125.371
  1812	125.905
  1813	126.452
  1814	126.941
  1815	127.319
  1816	127.566
  1817	127.695
  1818	127.744
  1819	127.758
  1820	127.774
  1821	127.805
  1822	127.835
  1823	127.828
  1824	127.739
  1825	127.532
  1826	127.194
  1827	126.737
  1828	126.195
  1829	125.614
  1830	125.036
  1831	124.486
  1832	123.968
  1833	123.463
  1834	122.94
  1835	122.37
  1836	121.742
  1837	121.063
  1838	120.366
  1839	119.693
  1840	119.092
  1841	118.596
  1842	118.224
  1843	117.976
  1844	117.838
  1845	117.795
  1846	117.834
  1847	117.946
  1848	118.125
  1849	118.365
  1850	118.655
  1851	118.978
  1852	119.309
  1853	119.623
  1854	119.9
  1855	120.128
  1856	120.301
  1857	120.421
  1858	120.49
  1859	120.506
  1860	120.462
  1861	120.347
  1862	120.141
  1863	119.827
  1864	119.392
  1865	118.834
  1866	118.172
  1867	117.438
  1868	116.677
  1869	115.93
  1870	115.223
  1871	114.561
  1872	113.931
  1873	113.312
  1874	112.688
  1875	112.067
  1876	111.478
  1877	110.973
  1878	110.61
  1879	110.436
  1880	110.471
  1881	110.702
  1882	111.088
  1883	111.575
  1884	112.11
  1885	112.655
  1886	113.194
  1887	113.729
  1888	114.278
  1889	114.855
  1890	115.463
  1891	116.083
  1892	116.679
  1893	117.196
  1894	117.583
  1895	117.807
  1896	117.862
  1897	117.774
  1898	117.59
  1899	117.368
  1900	117.158
  1901	116.988
  1902	116.862
  1903	116.769
  1904	116.687
  1905	116.608
  1906	116.535
  1907	116.49
  1908	116.503
  1909	116.605
  1910	116.81
  1911	117.116
  1912	117.499
  1913	117.917
  1914	118.323
  1915	118.677
  1916	118.954
  1917	119.152
  1918	119.287
  1919	119.388
  1920	119.485
  1921	119.6
  1922	119.735
  1923	119.879
  1924	120.009
  1925	120.106
  1926	120.162
  1927	120.189
  1928	120.213
  1929	120.27
  1930	120.387
  1931	120.579
  1932	120.841
  1933	121.157
  1934	121.506
  1935	121.877
  1936	122.268
  1937	122.684
  1938	123.133
  1939	123.616
  1940	124.122
  1941	124.635
  1942	125.133
  1943	125.601
  1944	126.035
  1945	126.44
  1946	126.831
  1947	127.224
  1948	127.633
  1949	128.062
  1950	128.503
  1951	128.935
  1952	129.327
  1953	129.647
  1954	129.864
  1955	129.961
  1956	129.934
  1957	129.798
  1958	129.575
  1959	129.289
  1960	128.954
  1961	128.573
  1962	128.135
  1963	127.632
  1964	127.06
  1965	126.434
  1966	125.79
  1967	125.179
  1968	124.652
  1969	124.249
  1970	123.989
  1971	123.864
  1972	123.847
  1973	123.898
  1974	123.987
  1975	124.093
  1976	124.217
  1977	124.372
  1978	124.573
  1979	124.83
  1980	125.135
  1981	125.466
  1982	125.789
  1983	126.066
  1984	126.266
  1985	126.373
  1986	126.385
  1987	126.316
  1988	126.186
  1989	126.014
  1990	125.811
  1991	125.577
  1992	125.302
  1993	124.971
  1994	124.574
  1995	124.117
  1996	123.619
  1997	123.114
  1998	122.641
  1999	122.228
  2000	121.89
  2001	121.623
