1 -66.811 148.735
2 -66.5465 148.712
3 -66.1904 148.477
4 -65.7635 148.054
5 -65.3174 147.48
6 -64.9264 146.8
7 -64.6719 146.059
8 -64.6248 145.304
9 -64.8284 144.576
10 -65.2865 143.908
11 -65.966 143.322
12 -66.8053 142.827
13 -67.729 142.423
14 -68.6651 142.107
15 -69.5583 141.876
16 -70.3773 141.732
17 -71.1139 141.682
18 -71.7784 141.733
19 -72.3872 141.888
20 -72.9495 142.143
21 -73.4587 142.483
22 -73.8902 142.887
23 -74.2068 143.329
24 -74.3692 143.787
25 -74.3462 144.243
26 -74.1266 144.69
27 -73.7263 145.127
28 -73.1872 145.563
29 -72.5705 146.014
30 -71.945 146.497
31 -71.3716 147.03
32 -70.8886 147.625
33 -70.501 148.28
34 -70.1798 148.98
35 -69.872 149.693
36 -69.5162 150.373
37 -69.0583 150.968
38 -68.4652 151.437
39 -67.7329 151.754
40 -66.8876 151.916
41 -65.9789 151.942
42 -65.0691 151.87
43 -64.2148 151.738
44 -63.4531 151.577
45 -62.7941 151.402
46 -62.2225 151.21
47 -61.707 150.989
48 -61.2163 150.724
49 -60.736 150.414
50 -60.2749 150.072
51 -59.8669 149.725
52 -59.5601 149.414
53 -59.4 149.184
54 -59.4107 149.071
55 -59.5798 149.093
56 -59.8558 149.245
57 -60.1555 149.501
58 -60.3813 149.813
59 -60.4398 150.125
60 -60.2588 150.383
61 -59.7961 150.547
62 -59.0445 150.596
63 -58.0325 150.531
64 -56.821 150.375
65 -55.4901 150.16
66 -54.1259 149.918
67 -52.8072 149.667
68 -51.5873 149.406
69 -50.4938 149.111
70 -49.5383 148.751
71 -48.7284 148.301
72 -48.0806 147.751
73 -47.6283 147.117
74 -47.4188 146.434
75 -47.5004 145.745
76 -47.9072 145.091
77 -48.642 144.496
78 -49.6674 143.964
79 -50.9063 143.48
80 -52.2575 143.013
81 -53.6119 142.529
82 -54.8704 142.001
83 -55.9584 141.415
84 -56.833 140.779
85 -57.4816 140.117
86 -57.918 139.465
87 -58.1721 138.869
88 -58.2805 138.37
89 -58.2774 137.995
90 -58.1887 137.76
91 -58.0287 137.662
92 -57.8049 137.689
93 -57.521 137.821
94 -57.1854 138.042
95 -56.8153 138.343
96 -56.4389 138.721
97 -56.0943 139.177
98 -55.8225 139.715
99 -55.659 140.332
100 -55.6272 141.021
101 -55.7317 141.768
102 -55.959 142.552
103 -56.2805 143.343
104 -56.6606 144.11
105 -57.0671 144.818
106 -57.4801 145.432
107 -57.8984 145.917
108 -58.3403 146.248
109 -58.8385 146.406
110 -59.4314 146.386
111 -60.1523 146.197
112 -61.0172 145.858
113 -62.0145 145.392
114 -63.1045 144.821
115 -64.2284 144.158
116 -65.32 143.405
117 -66.3182 142.563
118 -67.1836 141.631
119 -67.9047 140.616
120 -68.494 139.542
121 -68.9823 138.445
122 -69.4091 137.375
123 -69.8081 136.383
124 -70.1974 135.521
125 -70.5738 134.826
126 -70.9147 134.325
127 -71.1865 134.031
128 -71.3556 133.946
129 -71.4012 134.069
130 -71.3215 134.398
131 -71.1368 134.932
132 -70.8854 135.675
133 -70.6146 136.627
134 -70.3682 137.781
135 -70.173 139.115
136 -70.0301 140.587
137 -69.9131 142.133
138 -69.7772 143.678
139 -69.5713 145.142
140 -69.2547 146.454
141 -68.8084 147.564
142 -68.2412 148.446
143 -67.5879 149.099
144 -66.9016 149.539
145 -66.2417 149.784
146 -65.6594 149.849
147 -65.1877 149.737
148 -64.8344 149.436
149 -64.5864 148.927
150 -64.4192 148.198
151 -64.3075 147.246
152 -64.2354 146.087
153 -64.2019 144.758
154 -64.2221 143.316
155 -64.32 141.823
156 -64.5207 140.343
157 -64.837 138.933
158 -65.2613 137.633
159 -65.761 136.461
160 -66.2787 135.417
161 -66.744 134.489
162 -67.0875 133.66
163 -67.2536 132.922
164 -67.2125 132.283
165 -66.9676 131.766
166 -66.5533 131.405
167 -66.0269 131.238
168 -65.4532 131.288
169 -64.8885 131.564
170 -64.3711 132.045
171 -63.9164 132.697
172 -63.5206 133.47
173 -63.1693 134.316
174 -62.8474 135.193
175 -62.5489 136.068
176 -62.2792 136.916
177 -62.0542 137.717
178 -61.8966 138.461
179 -61.8283 139.14
180 -61.8635 139.75
181 -62.0023 140.285
182 -62.2259 140.734
183 -62.4984 141.078
184 -62.7699 141.291
185 -62.987 141.341
186 -63.1034 141.204
187 -63.0925 140.867
188 -62.9552 140.338
189 -62.7222 139.644
190 -62.4495 138.832
191 -62.2067 137.961
192 -62.0602 137.088
193 -62.0587 136.264
194 -62.223 135.529
195 -62.5437 134.901
196 -62.9925 134.386
197 -63.5355 133.98
198 -64.1486 133.678
199 -64.8259 133.477
200 -65.5802 133.381
201 -66.4381 133.402
202 -67.4293 133.557
203 -68.5758 133.864
204 -69.881 134.335
205 -71.3228 134.965
206 -72.8554 135.732
207 -74.4167 136.594
208 -75.9419 137.497
209 -77.375 138.385
210 -78.6801 139.213
211 -79.8442 139.956
212 -80.8766 140.613
213 -81.8021 141.205
214 -82.6492 141.759
215 -83.4379 142.303
216 -84.1705 142.843
217 -84.8337 143.367
218 -85.4016 143.841
219 -85.8479 144.222
220 -86.1557 144.475
221 -86.3226 144.58
222 -86.3625 144.538
223 -86.3022 144.371
224 -86.1757 144.115
225 -86.0167 143.807
226 -85.8514 143.476
227 -85.6917 143.136
228 -85.5333 142.783
229 -85.3566 142.4
230 -85.1335 141.965
231 -84.8353 141.461
232 -84.4438 140.885
233 -83.9575 140.255
234 -83.3962 139.61
235 -82.7951 139
236 -82.1978 138.479
237 -81.6439 138.085
238 -81.1592 137.841
239 -80.7516 137.742
240 -80.4138 137.771
241 -80.1319 137.901
242 -79.895 138.113
243 -79.7029 138.396
244 -79.5684 138.758
245 -79.516 139.207
246 -79.5738 139.754
247 -79.7645 140.397
248 -80.0961 141.117
249 -80.558 141.88
250 -81.1222 142.644
251 -81.7492 143.366
252 -82.3942 144.01
253 -83.0193 144.551
254 -83.598 144.984
255 -84.1165 145.313
256 -84.5753 145.549
257 -84.9855 145.709
258 -85.3628 145.804
259 -85.7222 145.844
260 -86.0722 145.834
261 -86.413 145.774
262 -86.7344 145.667
263 -87.0204 145.516
264 -87.253 145.331
265 -87.4159 145.125
266 -87.4999 144.914
267 -87.5062 144.718
268 -87.4459 144.55
269 -87.3383 144.421
270 -87.204 144.336
271 -87.0594 144.296
272 -86.9119 144.301
273 -86.7594 144.349
274 -86.5911 144.444
275 -86.3937 144.59
276 -86.156 144.792
277 -85.8746 145.053
278 -85.5542 145.373
279 -85.2093 145.749
280 -84.8614 146.178
281 -84.5358 146.658
282 -84.2551 147.194
283 -84.0348 147.79
284 -83.8787 148.449
285 -83.7762 149.165
286 -83.7064 149.921
287 -83.6429 150.685
288 -83.5636 151.422
289 -83.4577 152.093
290 -83.3315 152.671
291 -83.209 153.141
292 -83.1257 153.501
293 -83.1207 153.762
294 -83.2247 153.937
295 -83.4527 154.035
296 -83.7982 154.059
297 -84.2401 154.001
298 -84.7469 153.852
299 -85.2875 153.603
300 -85.8404 153.256
301 -86.3966 152.824
302 -86.9593 152.335
303 -87.5382 151.829
304 -88.1428 151.355
305 -88.7786 150.965
306 -89.4398 150.7
307 -90.1074 150.587
308 -90.7486 150.629
309 -91.3195 150.807
310 -91.774 151.088
311 -92.0711 151.432
312 -92.1833 151.81
313 -92.1032 152.205
314 -91.8459 152.618
315 -91.4458 153.062
316 -90.9482 153.548
317 -90.3986 154.08
318 -89.8338 154.644
319 -89.2763 155.21
320 -88.7348 155.74
321 -88.2103 156.195
322 -87.7049 156.549
323 -87.2277 156.788
324 -86.7978 156.916
325 -86.4416 156.95
326 -86.1874 156.91
327 -86.0572 156.817
328 -86.0592 156.689
329 -86.1838 156.529
330 -86.4051 156.338
331 -86.6842 156.107
332 -86.9757 155.827
333 -87.2347 155.491
334 -87.4229 155.096
335 -87.5135 154.645
336 -87.4945 154.15
337 -87.3677 153.622
338 -87.1457 153.077
339 -86.8457 152.527
340 -86.4825 151.987
341 -86.0628 151.467
342 -85.5815 150.98
343 -85.0238 150.538
344 -84.3705 150.155
345 -83.6029 149.841
346 -82.7121 149.605
347 -81.7041 149.453
348 -80.5992 149.387
349 -79.4277 149.405
350 -78.226 149.508
351 -77.0284 149.697
352 -75.8599 149.976
353 -74.7372 150.347
354 -73.6697 150.811
355 -72.6573 151.362
356 -71.6966 151.987
357 -70.7851 152.669
358 -69.9261 153.385
359 -69.1332 154.115
360 -68.435 154.844
361 -67.8751 155.566
362 -67.5069 156.28
363 -67.3821 156.989
364 -67.5377 157.694
365 -67.9852 158.388
366 -68.7044 159.055
367 -69.648 159.676
368 -70.7484 160.228
369 -71.9335 160.695
370 -73.141 161.071
371 -74.3246 161.361
372 -75.4559 161.583
373 -76.5128 161.758
374 -77.4742 161.908
375 -78.3193 162.046
376 -79.0235 162.172
377 -79.5592 162.271
378 -79.8982 162.319
379 -80.0163 162.294
380 -79.8985 162.179
381 -79.5441 161.977
382 -78.9691 161.709
383 -78.2065 161.412
384 -77.3022 161.135
385 -76.3038 160.92
386 -75.2515 160.795
387 -74.1673 160.763
388 -73.0549 160.805
389 -71.9061 160.885
390 -70.7084 160.963
391 -69.4611 161.008
392 -68.1868 161.011
393 -66.9309 160.979
394 -65.7562 160.94
395 -64.7356 160.924
396 -63.9316 160.956
397 -63.3826 161.04
398 -63.0946 161.162
399 -63.045 161.289
400 -63.1965 161.385
401 -63.513 161.417
402 -63.9743 161.372
403 -64.5812 161.256
404 -65.3554 161.095
405 -66.328 160.927
406 -67.5273 160.792
407 -68.9619 160.721
408 -70.6118 160.726
409 -72.4248 160.801
410 -74.3218 160.918
411 -76.209 161.041
412 -77.9974 161.135
413 -79.6094 161.174
414 -80.9893 161.151
415 -82.1151 161.077
416 -82.9943 160.972
417 -83.6564 160.862
418 -84.1423 160.766
419 -84.4927 160.697
420 -84.7399 160.652
421 -84.9018 160.623
422 -84.9846 160.6
423 -84.988 160.574
424 -84.9123 160.542
425 -84.7651 160.508
426 -84.5644 160.479
427 -84.3377 160.464
428 -84.1174 160.469
429 -83.9335 160.498
430 -83.8054 160.551
431 -83.7368 160.619
432 -83.7137 160.689
433 -83.7067 160.743
434 -83.6773 160.76
435 -83.5866 160.718
436 -83.4015 160.604
437 -83.1019 160.41
438 -82.6826 160.137
439 -82.1547 159.799
440 -81.5412 159.414
441 -80.8735 159.012
442 -80.184 158.62
443 -79.4984 158.265
444 -78.8306 157.967
445 -78.1872 157.735
446 -77.5703 157.571
447 -76.9843 157.469
448 -76.4409 157.42
449 -75.9606 157.417
450 -75.5706 157.457
451 -75.2976 157.539
452 -75.1609 157.668
453 -75.1662 157.845
454 -75.3032 158.063
455 -75.5461 158.307
456 -75.8594 158.55
457 -76.2037 158.758
458 -76.5438 158.894
459 -76.8548 158.932
460 -77.1232 158.856
461 -77.3491 158.669
462 -77.5419 158.385
463 -77.7152 158.033
464 -77.8797 157.639
465 -78.0358 157.225
466 -78.1708 156.802
467 -78.2591 156.365
468 -78.2683 155.9
469 -78.167 155.392
470 -77.933 154.826
471 -77.5588 154.202
472 -77.0546 153.532
473 -76.4441 152.837
474 -75.758 152.145
475 -75.0234 151.478
476 -74.2559 150.85
477 -73.4521 150.257
478 -72.5922 149.684
479 -71.6479 149.113
480 -70.5937 148.527
481 -69.4203 147.925
482 -68.1413 147.326
483 -66.796 146.764
484 -65.4432 146.284
485 -64.1472 145.925
486 -62.9646 145.714
487 -61.9331 145.654
488 -61.064 145.727
489 -60.3434 145.9
490 -59.7462 146.133
491 -59.2442 146.394
492 -58.8144 146.66
493 -58.4461 146.921
494 -58.14 147.175
495 -57.908 147.429
496 -57.7667 147.681
497 -57.73 147.923
498 -57.8034 148.135
499 -57.9787 148.284
500 -58.235 148.333
501 -58.543 148.249
502 -58.8737 148.009
503 -59.2056 147.607
504 -59.5322 147.055
505 -59.8621 146.377
506 -60.2152 145.609
507 -60.6148 144.786
508 -61.0785 143.936
509 -61.6091 143.077
510 -62.1937 142.221
511 -62.8049 141.375
512 -63.4102 140.546
513 -63.9793 139.745
514 -64.4898 138.989
515 -64.9329 138.301
516 -65.3111 137.701
517 -65.6345 137.206
518 -65.9151 136.827
519 -66.1654 136.567
520 -66.3963 136.424
521 -66.6162 136.391
522 -66.8321 136.46
523 -67.0468 136.621
524 -67.259 136.865
525 -67.4632 137.179
526 -67.6508 137.55
527 -67.8138 137.964
528 -67.948 138.405
529 -68.0558 138.858
530 -68.1453 139.311
531 -68.2278 139.758
532 -68.3125 140.193
533 -68.4019 140.618
534 -68.4884 141.029
535 -68.5546 141.421
536 -68.5763 141.781
537 -68.527 142.089
538 -68.3826 142.319
539 -68.1272 142.445
540 -67.7574 142.445
541 -67.285 142.312
542 -66.7387 142.048
543 -66.1604 141.673
544 -65.5993 141.209
545 -65.1063 140.682
546 -64.7246 140.11
547 -64.4852 139.505
548 -64.4047 138.868
549 -64.4888 138.196
550 -64.7369 137.49
551 -65.149 136.756
552 -65.7269 136.011
553 -66.4734 135.279
554 -67.3878 134.59
555 -68.4612 133.974
556 -69.6722 133.451
557 -70.9827 133.031
558 -72.3446 132.712
559 -73.704 132.48
560 -75.0047 132.316
561 -76.1961 132.205
562 -77.2405 132.136
563 -78.1111 132.11
564 -78.7939 132.135
565 -79.29 132.222
566 -79.6112 132.384
567 -79.7753 132.622
568 -79.8027 132.932
569 -79.7132 133.296
570 -79.5257 133.694
571 -79.2589 134.099
572 -78.9338 134.488
573 -78.5725 134.84
574 -78.1977 135.14
575 -77.8322 135.375
576 -77.4959 135.533
577 -77.2029 135.602
578 -76.962 135.573
579 -76.7756 135.437
580 -76.6395 135.191
581 -76.5424 134.839
582 -76.4672 134.387
583 -76.3915 133.849
584 -76.2898 133.236
585 -76.1362 132.554
586 -75.9081 131.809
587 -75.5913 130.999
588 -75.1825 130.125
589 -74.6909 129.191
590 -74.1377 128.209
591 -73.5535 127.201
592 -72.9745 126.198
593 -72.4378 125.235
594 -71.9741 124.347
595 -71.6043 123.562
596 -71.337 122.897
597 -71.1686 122.359
598 -71.088 121.944
599 -71.0821 121.645
600 -71.1405 121.456
601 -71.2606 121.376
602 -71.4485 121.411
603 -71.7169 121.572
604 -72.0785 121.872
605 -72.539 122.314
606 -73.0902 122.892
607 -73.7079 123.581
608 -74.3582 124.347
609 -75.0054 125.15
610 -75.6212 125.953
611 -76.1917 126.729
612 -76.7231 127.467
613 -77.2396 128.164
614 -77.7785 128.826
615 -78.3789 129.459
616 -79.0726 130.06
617 -79.8706 130.615
618 -80.7635 131.103
619 -81.7219 131.496
620 -82.6975 131.769
621 -83.6339 131.903
622 -84.4762 131.891
623 -85.1793 131.741
624 -85.7124 131.474
625 -86.0621 131.117
626 -86.2305 130.701
627 -86.2313 130.254
628 -86.0851 129.796
629 -85.8127 129.342
630 -85.4324 128.9
631 -84.9594 128.476
632 -84.4057 128.077
633 -83.7848 127.713
634 -83.1133 127.398
635 -82.4122 127.146
636 -81.7062 126.973
637 -81.019 126.891
638 -80.3731 126.904
639 -79.7843 127.011
640 -79.2548 127.198
641 -78.7729 127.443
642 -78.3146 127.714
643 -77.8459 127.977
644 -77.3317 128.198
645 -76.7446 128.351
646 -76.0739 128.417
647 -75.3314 128.393
648 -74.5499 128.29
649 -73.7776 128.129
650 -73.0713 127.939
651 -72.4841 127.75
652 -72.0546 127.583
653 -71.8048 127.453
654 -71.7406 127.362
655 -71.8549 127.305
656 -72.1347 127.275
657 -72.5673 127.269
658 -73.1419 127.289
659 -73.8485 127.351
660 -74.6756 127.472
661 -75.6046 127.668
662 -76.6054 127.944
663 -77.6325 128.285
664 -78.6264 128.653
665 -79.5221 128.995
666 -80.2583 129.253
667 -80.7888 129.376
668 -81.0917 129.336
669 -81.1728 129.131
670 -81.0635 128.786
671 -80.8148 128.349
672 -80.4877 127.877
673 -80.1372 127.422
674 -79.8001 127.019
675 -79.491 126.68
676 -79.1996 126.399
677 -78.8993 126.156
678 -78.5545 125.926
679 -78.1328 125.694
680 -77.6144 125.457
681 -76.9972 125.233
682 -76.2958 125.053
683 -75.5387 124.953
684 -74.7586 124.963
685 -73.982 125.094
686 -73.2213 125.336
687 -72.4714 125.651
688 -71.7155 125.989
689 -70.9351 126.301
690 -70.121 126.55
691 -69.2825 126.724
692 -68.4495 126.832
693 -67.6693 126.898
694 -66.9977 126.951
695 -66.4853 127.007
696 -66.1666 127.069
697 -66.05 127.121
698 -66.1154 127.137
699 -66.317 127.09
700 -66.5924 126.961
701 -66.8747 126.745
702 -67.1042 126.454
703 -67.2376 126.113
704 -67.2544 125.753
705 -67.1573 125.412
706 -66.9645 125.121
707 -66.7 124.901
708 -66.3811 124.764
709 -66.0143 124.713
710 -65.5948 124.743
711 -65.1168 124.85
712 -64.5835 125.033
713 -64.0165 125.303
714 -63.4587 125.677
715 -62.968 126.176
716 -62.6047 126.815
717 -62.4203 127.595
718 -62.4446 128.5
719 -62.6819 129.496
720 -63.1121 130.541
721 -63.6951 131.59
722 -64.3792 132.601
723 -65.1093 133.547
724 -65.8342 134.408
725 -66.5104 135.17
726 -67.1065 135.821
727 -67.6037 136.35
728 -67.9913 136.742
729 -68.2642 136.982
730 -68.4179 137.056
731 -68.445 136.957
732 -68.3358 136.683
733 -68.081 136.243
734 -67.6782 135.657
735 -67.1363 134.952
736 -66.4792 134.163
737 -65.7411 133.332
738 -64.9649 132.503
739 -64.1933 131.719
740 -63.4577 131.016
741 -62.7735 130.416
742 -62.1394 129.925
743 -61.5429 129.541
744 -60.9676 129.253
745 -60.3987 129.05
746 -59.8322 128.923
747 -59.2805 128.869
748 -58.7688 128.898
749 -58.3312 129.019
750 -58.0047 129.246
751 -57.8183 129.584
752 -57.7871 130.029
753 -57.9099 130.563
754 -58.173 131.161
755 -58.5578 131.79
756 -59.0484 132.421
757 -59.6396 133.032
758 -60.3371 133.613
759 -61.1552 134.164
760 -62.1058 134.696
761 -63.1893 135.22
762 -64.3851 135.743
763 -65.6475 136.261
764 -66.9087 136.757
765 -68.0909 137.199
766 -69.1214 137.553
767 -69.9472 137.786
768 -70.5423 137.879
769 -70.9116 137.829
770 -71.0881 137.657
771 -71.1227 137.398
772 -71.0698 137.099
773 -70.9738 136.798
774 -70.86 136.522
775 -70.7341 136.279
776 -70.588 136.058
777 -70.4119 135.846
778 -70.2057 135.629
779 -69.9871 135.407
780 -69.7915 135.194
781 -69.6693 135.017
782 -69.6745 134.908
783 -69.852 134.896
784 -70.2236 134.997
785 -70.7794 135.207
786 -71.4775 135.501
787 -72.2525 135.838
788 -73.0289 136.17
789 -73.7394 136.45
790 -74.3396 136.648
791 -74.8154 136.758
792 -75.1833 136.794
793 -75.4832 136.791
794 -75.7646 136.793
795 -76.0702 136.838
796 -76.4224 136.951
797 -76.8185 137.135
798 -77.2334 137.37
799 -77.631 137.629
800 -77.9783 137.886
801 -78.2554 138.124
802 -78.4611 138.344
803 -78.6132 138.559
804 -78.7432 138.789
805 -78.8892 139.05
806 -79.0856 139.348
807 -79.354 139.673
808 -79.6963 139.998
809 -80.0953 140.288
810 -80.5207 140.501
811 -80.9392 140.603
812 -81.3246 140.572
813 -81.6649 140.401
814 -81.9629 140.1
815 -82.235 139.695
816 -82.5038 139.218
817 -82.7899 138.706
818 -83.107 138.193
819 -83.457 137.701
820 -83.832 137.242
821 -84.2176 136.821
822 -84.5976 136.437
823 -84.9611 136.088
824 -85.3045 135.781
825 -85.6328 135.526
826 -85.9586 135.343
827 -86.2969 135.252
828 -86.6612 135.272
829 -87.0568 135.411
830 -87.4765 135.665
831 -87.8995 136.016
832 -88.2934 136.433
833 -88.6205 136.881
834 -88.8459 137.323
835 -88.9466 137.733
836 -88.9163 138.089
837 -88.7656 138.382
838 -88.5183 138.608
839 -88.2039 138.768
840 -87.8489 138.864
841 -87.4711 138.901
842 -87.0779 138.879
843 -86.6712 138.794
844 -86.2531 138.638
845 -85.8307 138.398
846 -85.4193 138.059
847 -85.0411 137.609
848 -84.7207 137.043
849 -84.4804 136.368
850 -84.3353 135.604
851 -84.2902 134.775
852 -84.3377 133.907
853 -84.4568 133.019
854 -84.614 132.118
855 -84.7669 131.204
856 -84.8687 130.274
857 -84.8769 129.331
858 -84.7594 128.39
859 -84.502 127.478
860 -84.1079 126.63
861 -83.5932 125.886
862 -82.9791 125.275
863 -82.2833 124.817
864 -81.5162 124.518
865 -80.6809 124.37
866 -79.7793 124.358
867 -78.8194 124.466
868 -77.8214 124.679
869 -76.8198 124.985
870 -75.856 125.375
871 -74.972 125.837
872 -74.202 126.357
873 -73.567 126.909
874 -73.0733 127.455
875 -72.7133 127.949
876 -72.4715 128.341
877 -72.3297 128.587
878 -72.2713 128.659
879 -72.2824 128.551
880 -72.3538 128.281
881 -72.4778 127.883
882 -72.6468 127.398
883 -72.8495 126.861
884 -73.0678 126.299
885 -73.2777 125.716
886 -73.45 125.105
887 -73.554 124.454
888 -73.5619 123.755
889 -73.455 123.012
890 -73.226 122.249
891 -72.8799 121.504
892 -72.4326 120.823
893 -71.9082 120.248
894 -71.3317 119.809
895 -70.7227 119.514
896 -70.0924 119.348
897 -69.4405 119.278
898 -68.7624 119.264
899 -68.0561 119.269
900 -67.3257 119.269
901 -66.5901 119.255
902 -65.8837 119.236
903 -65.2504 119.227
904 -64.7344 119.245
905 -64.37 119.3
906 -64.1749 119.389
907 -64.1486 119.498
908 -64.276 119.605
909 -64.5348 119.686
910 -64.902 119.725
911 -65.3578 119.715
912 -65.887 119.657
913 -66.4765 119.562
914 -67.1117 119.441
915 -67.7745 119.303
916 -68.4423 119.148
917 -69.0867 118.971
918 -69.6756 118.757
919 -70.174 118.487
920 -70.5509 118.145
921 -70.7819 117.716
922 -70.8529 117.194
923 -70.7629 116.576
924 -70.5244 115.865
925 -70.1615 115.067
926 -69.7051 114.191
927 -69.1892 113.25
928 -68.645 112.266
929 -68.0995 111.266
930 -67.5742 110.288
931 -67.0861 109.373
932 -66.6478 108.561
933 -66.2686 107.89
934 -65.9544 107.387
935 -65.7036 107.066
936 -65.5065 106.926
937 -65.3465 106.952
938 -65.2027 107.119
939 -65.0558 107.395
940 -64.8931 107.754
941 -64.7126 108.174
942 -64.5267 108.643
943 -64.3611 109.156
944 -64.2529 109.715
945 -64.2466 110.324
946 -64.3865 110.983
947 -64.7097 111.684
948 -65.2398 112.415
949 -65.9823 113.157
950 -66.9245 113.891
951 -68.0376 114.6
952 -69.2821 115.268
953 -70.6139 115.885
954 -71.9913 116.444
955 -73.3752 116.938
956 -74.7326 117.367
957 -76.0318 117.733
958 -77.2392 118.038
959 -78.3134 118.279
960 -79.2039 118.445
961 -79.8552 118.516
962 -80.2154 118.464
963 -80.2475 118.263
964 -79.9398 117.899
965 -79.3116 117.374
966 -78.4142 116.712
967 -77.3275 115.954
968 -76.1476 115.152
969 -74.9719 114.36
970 -73.8878 113.62
971 -72.9581 112.957
972 -72.2165 112.378
973 -71.667 111.872
974 -71.2924 111.424
975 -71.0678 111.017
976 -70.9706 110.647
977 -70.9902 110.323
978 -71.1293 110.071
979 -71.4009 109.928
980 -71.8188 109.931
981 -72.3849 110.107
982 -73.0798 110.464
983 -73.861 110.984
984 -74.6697 111.629
985 -75.4431 112.353
986 -76.129 113.108
987 -76.6982 113.861
988 -77.1498 114.594
989 -77.5088 115.306
990 -77.8162 116.004
991 -78.1183 116.693
992 -78.4535 117.371
993 -78.8429 118.021
994 -79.2869 118.614
995 -79.7657 119.115
996 -80.2464 119.489
997 -80.6936 119.709
998 -81.0754 119.762
999 -81.3724 119.647
1000 -81.583 119.38
1001 -81.7221 118.984
1002 -81.8167 118.483
1003 -81.8971 117.903
1004 -81.9876 117.26
1005 -82.1001 116.568
1006 -82.2321 115.83
1007 -82.3694 115.052
1008 -82.4955 114.242
1009 -82.5979 113.415
1010 -82.6763 112.59
1011 -82.7451 111.798
1012 -82.8312 111.068
1013 -82.9679 110.436
1014 -83.1844 109.936
1015 -83.4961 109.595
1016 -83.897 109.428
1017 -84.3556 109.432
1018 -84.8197 109.584
1019 -85.2257 109.846
1020 -85.5094 110.166
1021 -85.6201 110.496
1022 -85.5314 110.795
1023 -85.2461 111.038
1024 -84.7953 111.225
1025 -84.2308 111.373
1026 -83.6117 111.51
1027 -82.9901 111.662
1028 -82.3991 111.847
1029 -81.8472 112.066
1030 -81.3236 112.305
1031 -80.8084 112.542
1032 -80.2835 112.749
1033 -79.7458 112.903
1034 -79.2102 112.987
1035 -78.706 112.994
1036 -78.2692 112.929
1037 -77.9314 112.806
1038 -77.7092 112.647
1039 -77.597 112.473
1040 -77.5653 112.292
1041 -77.5658 112.098
1042 -77.5434 111.87
1043 -77.4491 111.577
1044 -77.2522 111.191
1045 -76.9483 110.707
1046 -76.5611 110.149
1047 -76.1386 109.574
1048 -75.7408 109.061
1049 -75.4257 108.686
1050 -75.231 108.507
1051 -75.1646 108.544
1052 -75.2007 108.778
1053 -75.289 109.162
1054 -75.3678 109.638
1055 -75.3819 110.155
1056 -75.2939 110.677
1057 -75.0929 111.195
1058 -74.7924 111.715
1059 -74.4217 112.255
1060 -74.0147 112.829
1061 -73.5934 113.437
1062 -73.1564 114.053
1063 -72.6769 114.627
1064 -72.1082 115.092
1065 -71.4001 115.377
1066 -70.5149 115.422
1067 -69.442 115.197
1068 -68.2046 114.708
1069 -66.8602 114.001
1070 -65.4944 113.153
1071 -64.2035 112.255
1072 -63.0706 111.388
1073 -62.1422 110.604
1074 -61.4165 109.918
1075 -60.8495 109.314
1076 -60.3691 108.761
1077 -59.8999 108.228
1078 -59.3836 107.697
1079 -58.7954 107.172
1080 -58.1486 106.679
1081 -57.4883 106.255
1082 -56.8716 105.939
1083 -56.3465 105.757
1084 -55.9302 105.713
1085 -55.6008 105.781
1086 -55.3017 105.916
1087 -54.9606 106.06
1088 -54.5116 106.162
1089 -53.9175 106.193
1090 -53.1814 106.153
1091 -52.3491 106.074
1092 -51.5016 106.008
1093 -50.7399 106.02
1094 -50.1642 106.164
1095 -49.8507 106.47
1096 -49.839 106.939
1097 -50.1277 107.538
1098 -50.679 108.219
1099 -51.4305 108.925
1100 -52.3123 109.607
1101 -53.2616 110.23
1102 -54.237 110.774
1103 -55.2242 111.234
1104 -56.2334 111.615
1105 -57.2914 111.934
1106 -58.425 112.206
1107 -59.6453 112.444
1108 -60.9333 112.644
1109 -62.238 112.788
1110 -63.4869 112.843
1111 -64.5986 112.769
1112 -65.5011 112.536
1113 -66.1475 112.129
1114 -66.5273 111.557
1115 -66.6599 110.857
1116 -66.5923 110.087
1117 -66.3851 109.312
1118 -66.0964 108.592
1119 -65.7664 107.967
1120 -65.4076 107.448
1121 -65.0055 107.021
1122 -64.5275 106.654
1123 -63.9399 106.311
1124 -63.2247 105.967
1125 -62.3953 105.619
1126 -61.5047 105.295
1127 -60.6427 105.049
1128 -59.9244 104.954
1129 -59.4654 105.078
1130 -59.3514 105.46
1131 -59.6167 106.101
1132 -60.236 106.952
1133 -61.1404 107.932
1134 -62.2437 108.953
1135 -63.467 109.931
1136 -64.7593 110.813
1137 -66.1036 111.58
1138 -67.5083 112.243
1139 -68.9943 112.831
1140 -70.5767 113.375
1141 -72.2525 113.895
1142 -73.9937 114.383
1143 -75.7515 114.814
1144 -77.4665 115.144
1145 -79.0801 115.331
1146 -80.5473 115.344
1147 -81.8443 115.173
1148 -82.9691 114.829
1149 -83.9391 114.344
1150 -84.7849 113.758
1151 -85.5415 113.114
1152 -86.2376 112.444
1153 -86.889 111.769
1154 -87.4936 111.097
1155 -88.0328 110.424
1156 -88.4792 109.741
1157 -88.807 109.043
1158 -89.004 108.329
1159 -89.0773 107.604
1160 -89.0529 106.885
1161 -88.9698 106.194
1162 -88.8708 105.558
1163 -88.7921 105
1164 -88.7562 104.538
1165 -88.7705 104.184
1166 -88.8277 103.944
1167 -88.9092 103.817
1168 -88.992 103.8
1169 -89.054 103.891
1170 -89.0808 104.086
1171 -89.0707 104.387
1172 -89.0356 104.793
1173 -88.9989 105.301
1174 -88.9884 105.903
1175 -89.0275 106.58
1176 -89.1268 107.309
1177 -89.2794 108.057
1178 -89.4612 108.787
1179 -89.6368 109.459
1180 -89.7678 110.037
1181 -89.8245 110.487
1182 -89.7932 110.789
1183 -89.6807 110.931
1184 -89.5127 110.922
1185 -89.3287 110.785
1186 -89.1728 110.559
1187 -89.0839 110.286
1188 -89.0879 109.998
1189 -89.1916 109.715
1190 -89.3849 109.44
1191 -89.6469 109.162
1192 -89.9551 108.873
1193 -90.2944 108.569
1194 -90.6647 108.265
1195 -91.0807 107.993
1196 -91.5689 107.795
1197 -92.158 107.712
1198 -92.8679 107.777
1199 -93.7012 107.997
1200 -94.6402 108.355
1201 -95.6483 108.814
1202 -96.6744 109.319
1203 -97.6673 109.815
1204 -98.5842 110.257
1205 -99.3973 110.618
1206 -100.098 110.899
1207 -100.693 111.122
1208 -101.201 111.322
1209 -101.637 111.534
1210 -102.004 111.779
1211 -102.285 112.049
1212 -102.444 112.315
1213 -102.432 112.528
1214 -102.205 112.637
1215 -101.733 112.608
1216 -101.015 112.434
1217 -100.079 112.143
1218 -98.9854 111.789
1219 -97.8132 111.445
1220 -96.6457 111.177
1221 -95.5524 111.025
1222 -94.5759 110.993
1223 -93.727 111.041
1224 -92.9879 111.102
1225 -92.3289 111.101
1226 -91.7196 110.978
1227 -91.1456 110.707
1228 -90.6142 110.302
1229 -90.157 109.814
1230 -89.8231 109.311
1231 -89.6659 108.863
1232 -89.7226 108.516
1233 -89.9988 108.281
1234 -90.4627 108.135
1235 -91.0529 108.035
1236 -91.6963 107.93
1237 -92.3296 107.785
1238 -92.9128 107.581
1239 -93.4378 107.329
1240 -93.9271 107.058
1241 -94.4216 106.809
1242 -94.9648 106.621
1243 -95.5824 106.524
1244 -96.271 106.525
1245 -97.0007 106.613
1246 -97.7193 106.753
1247 -98.3649 106.902
1248 -98.8787 107.019
1249 -99.2177 107.071
1250 -99.3599 107.047
1251 -99.3089 106.956
1252 -99.0911 106.825
1253 -98.7499 106.689
1254 -98.3325 106.579
1255 -97.8749 106.507
1256 -97.3902 106.463
1257 -96.8649 106.415
1258 -96.2627 106.321
1259 -95.536 106.139
1260 -94.6452 105.839
1261 -93.5733 105.409
1262 -92.3391 104.855
1263 -90.9967 104.199
1264 -89.6287 103.48
1265 -88.3253 102.743
1266 -87.1649 102.034
1267 -86.1916 101.394
1268 -85.4142 100.848
1269 -84.8092 100.408
1270 -84.3277 100.063
1271 -83.9176 99.7925
1272 -83.5403 99.5743
1273 -83.1836 99.394
1274 -82.8662 99.2553
1275 -82.6305 99.181
1276 -82.5317 99.2073
1277 -82.6191 99.3704
1278 -82.9188 99.6905
1279 -83.4183 100.159
1280 -84.0652 100.737
1281 -84.7762 101.36
1282 -85.4573 101.954
1283 -86.0299 102.453
1284 -86.4487 102.812
1285 -86.711 103.019
1286 -86.8537 103.095
1287 -86.9397 103.084
1288 -87.0361 103.048
1289 -87.1908 103.04
1290 -87.4144 103.092
1291 -87.6761 103.203
1292 -87.9145 103.341
1293 -88.056 103.455
1294 -88.0381 103.492
1295 -87.8224 103.414
1296 -87.4028 103.217
1297 -86.808 102.931
1298 -86.0961 102.621
1299 -85.3462 102.365
1300 -84.6427 102.235
1301 -84.0528 102.276
1302 -83.6064 102.487
1303 -83.2861 102.823
1304 -83.036 103.207
1305 -82.7824 103.56
1306 -82.4615 103.819
1307 -82.0434 103.961
1308 -81.5437 104.005
1309 -81.0195 104.007
1310 -80.5525 104.044
1311 -80.2189 104.184
1312 -80.0605 104.465
1313 -80.0664 104.875
1314 -80.1783 105.364
1315 -80.3129 105.849
1316 -80.3913 106.249
1317 -80.36 106.503
1318 -80.2044 106.593
1319 -79.949 106.54
1320 -79.6512 106.4
1321 -79.3866 106.247
1322 -79.2315 106.141
1323 -79.2472 106.121
1324 -79.4667 106.188
1325 -79.8878 106.31
1326 -80.478 106.437
1327 -81.1837 106.523
1328 -81.9472 106.535
1329 -82.7219 106.468
1330 -83.4816 106.345
1331 -84.2241 106.205
1332 -84.9671 106.094
1333 -85.7329 106.055
1334 -86.5321 106.11
1335 -87.351 106.261
1336 -88.15 106.487
1337 -88.8716 106.754
1338 -89.4542 107.023
1339 -89.8477 107.264
1340 -90.0282 107.463
1341 -90.001 107.623
1342 -89.7992 107.763
1343 -89.4759 107.911
1344 -89.092 108.095
1345 -88.7066 108.338
1346 -88.3652 108.649
1347 -88.0933 109.025
1348 -87.8968 109.451
1349 -87.7641 109.902
1350 -87.6709 110.352
1351 -87.5893 110.775
1352 -87.4957 111.152
1353 -87.3792 111.468
1354 -87.2444 111.719
1355 -87.1106 111.912
1356 -87.0059 112.06
1357 -86.9581 112.184
1358 -86.9824 112.299
1359 -87.0743 112.415
1360 -87.2068 112.529
1361 -87.3377 112.629
1362 -87.4258 112.696
1363 -87.4462 112.713
1364 -87.4025 112.675
1365 -87.327 112.588
1366 -87.2722 112.482
1367 -87.2937 112.397
1368 -87.4336 112.382
1369 -87.7071 112.477
1370 -88.098 112.701
1371 -88.5632 113.044
1372 -89.0422 113.465
1373 -89.4742 113.9
1374 -89.8103 114.281
1375 -90.0215 114.553
1376 -90.1029 114.683
1377 -90.0742 114.671
1378 -89.9752 114.545
1379 -89.8558 114.346
1380 -89.7612 114.116
1381 -89.7192 113.879
1382 -89.7307 113.64
1383 -89.7734 113.381
1384 -89.8152 113.077
1385 -89.8326 112.71
1386 -89.8273 112.284
1387 -89.8332 111.832
1388 -89.9102 111.415
1389 -90.1284 111.109
1390 -90.543 110.988
1391 -91.1735 111.097
1392 -91.9915 111.442
1393 -92.9284 111.985
1394 -93.8933 112.651
1395 -94.7933 113.351
1396 -95.555 114.001
1397 -96.1385 114.55
1398 -96.5392 114.982
1399 -96.7832 115.319
1400 -96.9158 115.608
1401 -96.9862 115.896
1402 -97.031 116.208
1403 -97.0651 116.539
1404 -97.0787 116.849
1405 -97.0444 117.079
1406 -96.9288 117.172
1407 -96.7053 117.092
1408 -96.3635 116.838
1409 -95.916 116.448
1410 -95.3989 115.992
1411 -94.8674 115.555
1412 -94.3835 115.215
1413 -93.9981 115.025
1414 -93.7358 114.996
1415 -93.5874 115.099
1416 -93.5118 115.274
1417 -93.4504 115.449
1418 -93.347 115.562
1419 -93.1662 115.58
1420 -92.9068 115.503
1421 -92.6054 115.366
1422 -92.3254 115.22
1423 -92.1423 115.123
1424 -92.1205 115.118
1425 -92.2961 115.219
1426 -92.6686 115.412
1427 -93.2027 115.661
1428 -93.8391 115.923
1429 -94.5094 116.159
1430 -95.15 116.348
1431 -95.7136 116.486
1432 -96.1762 116.59
1433 -96.5377 116.686
1434 -96.8177 116.8
1435 -97.0434 116.958
1436 -97.2355 117.167
1437 -97.3971 117.419
1438 -97.5067 117.692
1439 -97.522 117.948
1440 -97.3903 118.151
1441 -97.0638 118.27
1442 -96.5134 118.287
1443 -95.7421 118.2
1444 -94.7874 118.025
1445 -93.7138 117.791
1446 -92.6007 117.541
1447 -91.5267 117.318
1448 -90.5513 117.165
1449 -89.7011 117.112
1450 -88.9718 117.17
1451 -88.3304 117.33
1452 -87.731 117.564
1453 -87.1293 117.835
1454 -86.496 118.106
1455 -85.8272 118.359
1456 -85.1449 118.594
1457 -84.4886 118.835
1458 -83.9038 119.116
1459 -83.4252 119.471
1460 -83.0624 119.916
1461 -82.794 120.439
1462 -82.5735 121
1463 -82.3449 121.54
1464 -82.0613 122.002
1465 -81.6991 122.345
1466 -81.2671 122.554
1467 -80.8037 122.649
1468 -80.3682 122.676
1469 -80.0247 122.694
1470 -79.8206 122.763
1471 -79.7714 122.917
1472 -79.853 123.16
1473 -80.004 123.461
1474 -80.1416 123.764
1475 -80.1801 124.003
1476 -80.0501 124.122
1477 -79.712 124.096
1478 -79.1625 123.934
1479 -78.4334 123.682
1480 -77.5828 123.409
1481 -76.678 123.19
1482 -75.773 123.071
1483 -74.8927 123.061
1484 -74.0308 123.126
1485 -73.1582 123.203
1486 -72.2451 123.23
1487 -71.2832 123.168
1488 -70.298 123.018
1489 -69.3516 122.818
1490 -68.5324 122.632
1491 -67.9299 122.526
1492 -67.6078 122.543
1493 -67.5784 122.691
1494 -67.7988 122.94
1495 -68.1835 123.231
1496 -68.6289 123.495
1497 -69.0398 123.672
1498 -69.3476 123.725
1499 -69.5196 123.645
1500 -69.5549 123.447
1501 -69.4745 123.163
1502 -69.3073 122.831
1503 -69.0765 122.483
1504 -68.7915 122.141
1505 -68.4478 121.814
1506 -68.0336 121.499
1507 -67.5399 121.191
1508 -66.9683 120.89
1509 -66.3376 120.607
1510 -65.6842 120.368
1511 -65.0588 120.209
1512 -64.5191 120.164
1513 -64.1209 120.255
1514 -63.9096 120.487
1515 -63.9099 120.846
1516 -64.1217 121.302
1517 -64.5191 121.824
1518 -65.0543 122.388
1519 -65.6677 122.981
1520 -66.3028 123.598
1521 -66.9189 124.243
1522 -67.5013 124.915
1523 -68.0597 125.611
1524 -68.6209 126.321
1525 -69.2136 127.027
1526 -69.8584 127.713
1527 -70.5624 128.369
1528 -71.32 128.991
1529 -72.1176 129.586
1530 -72.939 130.159
1531 -73.7697 130.712
1532 -74.5961 131.24
1533 -75.411 131.729
1534 -76.2145 132.168
1535 -77.0109 132.551
1536 -77.8102 132.882
1537 -78.6233 133.178
1538 -79.4604 133.467
1539 -80.3243 133.771
1540 -81.2004 134.103
1541 -82.0584 134.461
1542 -82.8557 134.823
1543 -83.5503 135.162
1544 -84.1137 135.457
1545 -84.5399 135.7
1546 -84.8494 135.904
1547 -85.0845 136.105
1548 -85.297 136.35
1549 -85.5311 136.686
1550 -85.8071 137.144
1551 -86.1145 137.726
1552 -86.4188 138.399
1553 -86.6771 139.106
1554 -86.8558 139.779
1555 -86.9411 140.35
1556 -86.9426 140.773
1557 -86.8894 141.029
1558 -86.822 141.132
1559 -86.7812 141.118
1560 -86.7976 141.03
1561 -86.8846 140.898
1562 -87.0354 140.729
1563 -87.2249 140.502
1564 -87.4185 140.184
1565 -87.5824 139.743
1566 -87.6938 139.173
1567 -87.7504 138.5
1568 -87.7755 137.783
1569 -87.8167 137.098
1570 -87.9333 136.523
1571 -88.1785 136.117
1572 -88.5782 135.906
1573 -89.1176 135.881
1574 -89.7434 136.004
1575 -90.3806 136.223
1576 -90.954 136.487
1577 -91.4086 136.754
1578 -91.72 137.005
1579 -91.8957 137.235
1580 -91.9684 137.456
1581 -91.9807 137.686
1582 -91.9743 137.94
1583 -91.9782 138.216
1584 -92.0059 138.497
1585 -92.0589 138.749
1586 -92.1311 138.939
1587 -92.2142 139.04
1588 -92.2982 139.052
1589 -92.373 138.995
1590 -92.4333 138.907
1591 -92.4834 138.825
1592 -92.5426 138.775
1593 -92.6422 138.755
1594 -92.8158 138.746
1595 -93.0848 138.713
1596 -93.4464 138.623
1597 -93.8731 138.458
1598 -94.3169 138.211
1599 -94.7223 137.888
1600 -95.0411 137.495
1601 -95.2415 137.026
1602 -95.3105 136.471
1603 -95.2527 135.812
1604 -95.0865 135.039
1605 -94.8394 134.16
1606 -94.547 133.204
1607 -94.2493 132.22
1608 -93.9865 131.263
1609 -93.7918 130.382
1610 -93.6849 129.616
1611 -93.67 128.984
1612 -93.7385 128.484
1613 -93.8766 128.104
1614 -94.0758 127.826
1615 -94.3382 127.636
1616 -94.6765 127.53
1617 -95.1107 127.516
1618 -95.6603 127.612
1619 -96.336 127.836
1620 -97.1329 128.197
1621 -98.0275 128.685
1622 -98.9798 129.262
1623 -99.944 129.872
1624 -100.879 130.449
1625 -101.757 130.93
1626 -102.565 131.275
1627 -103.306 131.473
1628 -103.989 131.546
1629 -104.619 131.538
1630 -105.187 131.499
1631 -105.672 131.467
1632 -106.049 131.455
1633 -106.299 131.442
1634 -106.422 131.388
1635 -106.433 131.242
1636 -106.358 130.969
1637 -106.224 130.559
1638 -106.055 130.033
1639 -105.865 129.443
1640 -105.666 128.843
1641 -105.462 128.28
1642 -105.259 127.774
1643 -105.057 127.316
1644 -104.851 126.878
1645 -104.628 126.432
1646 -104.371 125.968
1647 -104.074 125.502
1648 -103.744 125.072
1649 -103.406 124.729
1650 -103.101 124.521
1651 -102.869 124.479
1652 -102.734 124.613
1653 -102.699 124.909
1654 -102.746 125.337
1655 -102.854 125.865
1656 -103.009 126.465
1657 -103.209 127.118
1658 -103.468 127.824
1659 -103.805 128.59
1660 -104.232 129.426
1661 -104.746 130.328
1662 -105.329 131.273
1663 -105.95 132.212
1664 -106.571 133.078
1665 -107.152 133.8
1666 -107.653 134.319
1667 -108.038 134.604
1668 -108.268 134.654
1669 -108.31 134.495
1670 -108.145 134.164
1671 -107.767 133.694
1672 -107.19 133.102
1673 -106.443 132.386
1674 -105.556 131.529
1675 -104.554 130.511
1676 -103.447 129.321
1677 -102.241 127.976
1678 -100.937 126.51
1679 -99.5371 124.977
1680 -98.063 123.442
1681 -96.5523 121.967
1682 -95.0534 120.605
1683 -93.6191 119.393
1684 -92.2956 118.357
1685 -91.1136 117.512
1686 -90.0868 116.867
1687 -89.2167 116.428
1688 -88.4955 116.198
1689 -87.9097 116.172
1690 -87.4462 116.34
1691 -87.0914 116.683
1692 -86.8324 117.17
1693 -86.657 117.766
1694 -86.5557 118.432
1695 -86.5235 119.132
1696 -86.5568 119.838
1697 -86.6521 120.533
1698 -86.8 121.205
1699 -86.9813 121.85
1700 -87.1669 122.458
1701 -87.3209 123.014
1702 -87.4071 123.495
1703 -87.3975 123.868
1704 -87.2786 124.109
1705 -87.0542 124.207
1706 -86.7443 124.172
1707 -86.38 124.039
1708 -85.9963 123.86
1709 -85.6235 123.687
1710 -85.2792 123.557
1711 -84.9677 123.482
1712 -84.6827 123.446
1713 -84.4145 123.413
1714 -84.1609 123.35
1715 -83.9355 123.235
1716 -83.7724 123.079
1717 -83.7245 122.917
1718 -83.8531 122.803
1719 -84.212 122.792
1720 -84.8287 122.92
1721 -85.692 123.194
1722 -86.7536 123.591
1723 -87.9363 124.059
1724 -89.1536 124.544
1725 -90.3351 125.002
1726 -91.4351 125.412
1727 -92.436 125.783
1728 -93.3386 126.145
1729 -94.1496 126.54
1730 -94.8727 127.002
1731 -95.5009 127.548
1732 -96.0189 128.168
1733 -96.4071 128.827
1734 -96.6511 129.477
1735 -96.7509 130.072
1736 -96.7251 130.585
1737 -96.6119 131.018
1738 -96.4673 131.395
1739 -96.3591 131.757
1740 -96.3561 132.146
1741 -96.5155 132.587
1742 -96.872 133.082
1743 -97.432 133.601
1744 -98.1759 134.102
1745 -99.067 134.538
1746 -100.062 134.877
1747 -101.124 135.111
1748 -102.225 135.254
1749 -103.347 135.334
1750 -104.477 135.381
1751 -105.604 135.415
1752 -106.715 135.438
1753 -107.796 135.435
1754 -108.83 135.381
1755 -109.802 135.253
1756 -110.699 135.038
1757 -111.503 134.741
1758 -112.202 134.385
1759 -112.783 134
1760 -113.24 133.625
1761 -113.574 133.29
1762 -113.797 133.014
1763 -113.93 132.801
1764 -113.994 132.644
1765 -113.996 132.529
1766 -113.927 132.444
1767 -113.764 132.387
1768 -113.475 132.361
1769 -113.037 132.378
1770 -112.447 132.447
1771 -111.726 132.572
1772 -110.917 132.744
1773 -110.073 132.947
1774 -109.242 133.162
1775 -108.465 133.368
1776 -107.769 133.555
1777 -107.17 133.72
1778 -106.679 133.867
1779 -106.298 134.001
1780 -106.024 134.122
1781 -105.848 134.226
1782 -105.757 134.299
1783 -105.738 134.32
1784 -105.779 134.274
1785 -105.871 134.149
1786 -106.006 133.944
1787 -106.17 133.674
1788 -106.342 133.36
1789 -106.485 133.021
1790 -106.554 132.67
1791 -106.502 132.302
1792 -106.29 131.897
1793 -105.891 131.427
1794 -105.302 130.868
1795 -104.532 130.207
1796 -103.603 129.458
1797 -102.542 128.657
1798 -101.374 127.86
1799 -100.119 127.119
1800 -98.7933 126.479
1801 -97.4152 125.957
1802 -96.001 125.544
1803 -94.5759 125.217
1804 -93.1737 124.949
1805 -91.8273 124.724
1806 -90.5756 124.548
1807 -89.4616 124.446
1808 -88.5353 124.455
1809 -87.8439 124.611
1810 -87.4142 124.923
1811 -87.2398 125.371
1812 -87.2784 125.905
1813 -87.4599 126.452
1814 -87.7059 126.941
1815 -87.9516 127.319
1816 -88.161 127.566
1817 -88.3317 127.695
1818 -88.489 127.744
1819 -88.6696 127.758
1820 -88.9024 127.774
1821 -89.1947 127.805
1822 -89.5267 127.835
1823 -89.8566 127.828
1824 -90.132 127.739
1825 -90.3075 127.532
1826 -90.3527 127.194
1827 -90.2575 126.737
1828 -90.0305 126.195
1829 -89.6934 125.614
1830 -89.2747 125.036
1831 -88.8021 124.486
1832 -88.2962 123.968
1833 -87.7637 123.463
1834 -87.1997 122.94
1835 -86.5956 122.37
1836 -85.9468 121.742
1837 -85.2656 121.063
1838 -84.5865 120.366
1839 -83.9676 119.693
1840 -83.4833 119.092
1841 -83.2086 118.596
1842 -83.2036 118.224
1843 -83.499 117.976
1844 -84.0958 117.838
1845 -84.9706 117.795
1846 -86.0848 117.834
1847 -87.3928 117.946
1848 -88.8434 118.125
1849 -90.3795 118.365
1850 -91.9381 118.655
1851 -93.4559 118.978
1852 -94.8747 119.309
1853 -96.1573 119.623
1854 -97.2899 119.9
1855 -98.2729 120.128
1856 -99.1151 120.301
1857 -99.8263 120.421
1858 -100.408 120.49
1859 -100.858 120.506
1860 -101.173 120.462
1861 -101.358 120.347
1862 -101.433 120.141
1863 -101.429 119.827
1864 -101.383 119.392
1865 -101.336 118.834
1866 -101.319 118.172
1867 -101.353 117.438
1868 -101.447 116.677
1869 -101.6 115.93
1870 -101.8 115.223
1871 -102.032 114.561
1872 -102.278 113.931
1873 -102.522 113.312
1874 -102.762 112.688
1875 -103.003 112.067
1876 -103.265 111.478
1877 -103.577 110.973
1878 -103.963 110.61
1879 -104.436 110.436
1880 -104.99 110.471
1881 -105.597 110.702
1882 -106.217 111.088
1883 -106.806 111.575
1884 -107.329 112.11
1885 -107.758 112.655
1886 -108.079 113.194
1887 -108.285 113.729
1888 -108.37 114.278
1889 -108.329 114.855
1890 -108.155 115.463
1891 -107.842 116.083
1892 -107.384 116.679
1893 -106.779 117.196
1894 -106.03 117.583
1895 -105.142 117.807
1896 -104.13 117.862
1897 -103.019 117.774
1898 -101.843 117.59
1899 -100.643 117.368
1900 -99.4696 117.158
1901 -98.3672 116.988
1902 -97.3706 116.862
1903 -96.4966 116.769
1904 -95.7445 116.687
1905 -95.1041 116.608
1906 -94.5638 116.535
1907 -94.1177 116.49
1908 -93.77 116.503
1909 -93.5304 116.605
1910 -93.4062 116.81
1911 -93.3926 117.116
1912 -93.4677 117.499
1913 -93.5928 117.917
1914 -93.7205 118.323
1915 -93.8048 118.677
1916 -93.8098 118.954
1917 -93.714 119.152
1918 -93.5114 119.287
1919 -93.2072 119.388
1920 -92.8156 119.485
1921 -92.3547 119.6
1922 -91.8458 119.735
1923 -91.3074 119.879
1924 -90.7562 120.009
1925 -90.2057 120.106
1926 -89.6671 120.162
1927 -89.1518 120.189
1928 -88.6723 120.213
1929 -88.2447 120.27
1930 -87.8883 120.387
1931 -87.622 120.579
1932 -87.4598 120.841
1933 -87.4075 121.157
1934 -87.4625 121.506
1935 -87.6158 121.877
1936 -87.8587 122.268
1937 -88.1844 122.684
1938 -88.588 123.133
1939 -89.0645 123.616
1940 -89.602 124.122
1941 -90.1808 124.635
1942 -90.7731 125.133
1943 -91.3515 125.601
1944 -91.8962 126.035
1945 -92.3975 126.44
1946 -92.8568 126.831
1947 -93.2811 127.224
1948 -93.6763 127.633
1949 -94.0423 128.062
1950 -94.3702 128.503
1951 -94.6467 128.935
1952 -94.8567 129.327
1953 -94.9896 129.647
1954 -95.0433 129.864
1955 -95.0256 129.961
1956 -94.9549 129.934
1957 -94.856 129.798
1958 -94.7574 129.575
1959 -94.6839 129.289
1960 -94.6518 128.954
1961 -94.6663 128.573
1962 -94.7236 128.135
1963 -94.8159 127.632
1964 -94.939 127.06
1965 -95.0991 126.434
1966 -95.3134 125.79
1967 -95.6072 125.179
1968 -96.0053 124.652
1969 -96.523 124.249
1970 -97.1587 123.989
1971 -97.8941 123.864
1972 -98.6995 123.847
1973 -99.5415 123.898
1974 -100.389 123.987
1975 -101.216 124.093
1976 -102.005 124.217
1977 -102.741 124.372
1978 -103.411 124.573
1979 -104.002 124.83
1980 -104.502 125.135
1981 -104.902 125.466
1982 -105.191 125.789
1983 -105.361 126.066
1984 -105.401 126.266
1985 -105.3 126.373
1986 -105.047 126.385
1987 -104.636 126.316
1988 -104.072 126.186
1989 -103.371 126.014
1990 -102.559 125.811
1991 -101.672 125.577
1992 -100.751 125.302
1993 -99.8298 124.971
1994 -98.9392 124.574
1995 -98.1001 124.117
1996 -97.3286 123.619
1997 -96.6364 123.114
1998 -96.0327 122.641
1999 -95.5238 122.228
2000 -95.1102 121.89
2001 -94.7874 121.623
