     1	-155.067
     2	-153.614
     3	-152.233
     4	-150.944
     5	-149.745
     6	-148.626
     7	-147.582
     8	-146.625
     9	-145.794
    10	-145.142
    11	-144.719
    12	-144.55
    13	-144.618
    14	-144.859
    15	-145.182
    16	-145.5
    17	-145.747
    18	-145.895
    19	-145.939
    20	-145.884
    21	-145.734
    22	-145.487
    23	-145.137
    24	-144.682
    25	-144.131
    26	-143.5
    27	-142.81
    28	-142.077
    29	-141.305
    30	-140.493
    31	-139.64
    32	-138.76
    33	-137.881
    34	-137.043
    35	-136.28
    36	-135.599
    37	-134.981
    38	-134.402
    39	-133.854
    40	-133.371
    41	-133.017
    42	-132.862
    43	-132.941
    44	-133.23
    45	-133.661
    46	-134.15
    47	-134.633
    48	-135.089
    49	-135.54
    50	-136.032
    51	-136.606
    52	-137.273
    53	-138.004
    54	-138.745
    55	-139.446
    56	-140.073
    57	-140.617
    58	-141.075
    59	-141.441
    60	-141.699
    61	-141.834
    62	-141.835
    63	-141.708
    64	-141.474
    65	-141.16
    66	-140.787
    67	-140.366
    68	-139.897
    69	-139.378
    70	-138.819
    71	-138.245
    72	-137.691
    73	-137.191
    74	-136.767
    75	-136.426
    76	-136.161
    77	-135.965
    78	-135.84
    79	-135.805
    80	-135.888
    81	-136.117
    82	-136.505
    83	-137.034
    84	-137.661
    85	-138.332
    86	-139.003
    87	-139.644
    88	-140.254
    89	-140.841
    90	-141.415
    91	-141.971
    92	-142.484
    93	-142.913
    94	-143.215
    95	-143.363
    96	-143.351
    97	-143.199
    98	-142.936
    99	-142.599
   100	-142.216
   101	-141.809
   102	-141.394
   103	-140.978
   104	-140.563
   105	-140.142
   106	-139.702
   107	-139.229
   108	-138.719
   109	-138.189
   110	-137.678
   111	-137.238
   112	-136.916
   113	-136.727
   114	-136.643
   115	-136.599
   116	-136.52
   117	-136.349
   118	-136.066
   119	-135.694
   120	-135.287
   121	-134.913
   122	-134.62
   123	-134.425
   124	-134.308
   125	-134.229
   126	-134.146
   127	-134.034
   128	-133.888
   129	-133.726
   130	-133.584
   131	-133.504
   132	-133.527
   133	-133.673
   134	-133.939
   135	-134.3
   136	-134.72
   137	-135.155
   138	-135.57
   139	-135.937
   140	-136.243
   141	-136.485
   142	-136.671
   143	-136.81
   144	-136.911
   145	-136.983
   146	-137.034
   147	-137.072
   148	-137.107
   149	-137.152
   150	-137.216
   151	-137.306
   152	-137.422
   153	-137.557
   154	-137.699
   155	-137.838
   156	-137.972
   157	-138.107
   158	-138.259
   159	-138.453
   160	-138.718
   161	-139.076
   162	-139.531
   163	-140.064
   164	-140.639
   165	-141.212
   166	-141.754
   167	-142.257
   168	-142.742
   169	-143.247
   170	-143.816
   171	-144.472
   172	-145.212
   173	-145.996
   174	-146.771
   175	-147.482
   176	-148.101
   177	-148.627
   178	-149.08
   179	-149.493
   180	-149.898
   181	-150.314
   182	-150.747
   183	-151.19
   184	-151.629
   185	-152.046
   186	-152.432
   187	-152.787
   188	-153.125
   189	-153.47
   190	-153.843
   191	-154.257
   192	-154.709
   193	-155.178
   194	-155.628
   195	-156.03
   196	-156.36
   197	-156.612
   198	-156.795
   199	-156.938
   200	-157.08
   201	-157.261
   202	-157.515
   203	-157.858
   204	-158.284
   205	-158.765
   206	-159.265
   207	-159.741
   208	-160.163
   209	-160.519
   210	-160.818
   211	-161.087
   212	-161.349
   213	-161.615
   214	-161.873
   215	-162.096
   216	-162.249
   217	-162.309
   218	-162.263
   219	-162.118
   220	-161.899
   221	-161.635
   222	-161.359
   223	-161.1
   224	-160.882
   225	-160.721
   226	-160.629
   227	-160.612
   228	-160.664
   229	-160.767
   230	-160.894
   231	-161.016
   232	-161.107
   233	-161.154
   234	-161.156
   235	-161.122
   236	-161.06
   237	-160.976
   238	-160.867
   239	-160.724
   240	-160.54
   241	-160.31
   242	-160.034
   243	-159.718
   244	-159.366
   245	-158.986
   246	-158.594
   247	-158.215
   248	-157.884
   249	-157.641
   250	-157.521
   251	-157.54
   252	-157.686
   253	-157.921
   254	-158.196
   255	-158.467
   256	-158.709
   257	-158.927
   258	-159.143
   259	-159.394
   260	-159.711
   261	-160.102
   262	-160.552
   263	-161.019
   264	-161.453
   265	-161.809
   266	-162.057
   267	-162.191
   268	-162.223
   269	-162.175
   270	-162.069
   271	-161.918
   272	-161.725
   273	-161.48
   274	-161.167
   275	-160.763
   276	-160.25
   277	-159.619
   278	-158.879
   279	-158.063
   280	-157.226
   281	-156.434
   282	-155.745
   283	-155.194
   284	-154.785
   285	-154.491
   286	-154.278
   287	-154.118
   288	-154.001
   289	-153.939
   290	-153.96
   291	-154.088
   292	-154.336
   293	-154.693
   294	-155.134
   295	-155.624
   296	-156.133
   297	-156.632
   298	-157.093
   299	-157.492
   300	-157.805
   301	-158.022
   302	-158.144
   303	-158.186
   304	-158.171
   305	-158.12
   306	-158.043
   307	-157.939
   308	-157.798
   309	-157.615
   310	-157.393
   311	-157.147
   312	-156.89
   313	-156.627
   314	-156.348
   315	-156.039
   316	-155.691
   317	-155.306
   318	-154.909
   319	-154.539
   320	-154.239
   321	-154.035
   322	-153.922
   323	-153.873
   324	-153.844
   325	-153.806
   326	-153.75
   327	-153.694
   328	-153.666
   329	-153.694
   330	-153.79
   331	-153.944
   332	-154.128
   333	-154.3
   334	-154.42
   335	-154.464
   336	-154.424
   337	-154.315
   338	-154.16
   339	-153.987
   340	-153.818
   341	-153.667
   342	-153.531
   343	-153.398
   344	-153.255
   345	-153.087
   346	-152.895
   347	-152.69
   348	-152.497
   349	-152.345
   350	-152.258
   351	-152.246
   352	-152.304
   353	-152.41
   354	-152.531
   355	-152.633
   356	-152.682
   357	-152.662
   358	-152.574
   359	-152.445
   360	-152.313
   361	-152.22
   362	-152.192
   363	-152.229
   364	-152.305
   365	-152.382
   366	-152.421
   367	-152.4
   368	-152.317
   369	-152.193
   370	-152.061
   371	-151.949
   372	-151.876
   373	-151.838
   374	-151.818
   375	-151.791
   376	-151.732
   377	-151.619
   378	-151.439
   379	-151.184
   380	-150.855
   381	-150.465
   382	-150.037
   383	-149.602
   384	-149.195
   385	-148.846
   386	-148.57
   387	-148.365
   388	-148.206
   389	-148.059
   390	-147.89
   391	-147.683
   392	-147.443
   393	-147.192
   394	-146.955
   395	-146.749
   396	-146.576
   397	-146.429
   398	-146.302
   399	-146.199
   400	-146.128
   401	-146.096
   402	-146.095
   403	-146.106
   404	-146.1
   405	-146.059
   406	-145.982
   407	-145.888
   408	-145.813
   409	-145.791
   410	-145.839
   411	-145.947
   412	-146.077
   413	-146.178
   414	-146.208
   415	-146.149
   416	-146.009
   417	-145.811
   418	-145.578
   419	-145.318
   420	-145.025
   421	-144.684
   422	-144.286
   423	-143.829
   424	-143.319
   425	-142.769
   426	-142.191
   427	-141.601
   428	-141.02
   429	-140.481
   430	-140.019
   431	-139.669
   432	-139.45
   433	-139.352
   434	-139.343
   435	-139.376
   436	-139.414
   437	-139.45
   438	-139.514
   439	-139.668
   440	-139.979
   441	-140.488
   442	-141.185
   443	-142.012
   444	-142.892
   445	-143.751
   446	-144.547
   447	-145.271
   448	-145.936
   449	-146.56
   450	-147.152
   451	-147.706
   452	-148.207
   453	-148.644
   454	-149.016
   455	-149.325
   456	-149.569
   457	-149.741
   458	-149.826
   459	-149.805
   460	-149.668
   461	-149.423
   462	-149.094
   463	-148.718
   464	-148.326
   465	-147.937
   466	-147.549
   467	-147.154
   468	-146.742
   469	-146.311
   470	-145.875
   471	-145.451
   472	-145.054
   473	-144.686
   474	-144.34
   475	-144.001
   476	-143.66
   477	-143.322
   478	-143.001
   479	-142.722
   480	-142.508
   481	-142.365
   482	-142.281
   483	-142.229
   484	-142.177
   485	-142.109
   486	-142.02
   487	-141.919
   488	-141.815
   489	-141.71
   490	-141.597
   491	-141.462
   492	-141.293
   493	-141.086
   494	-140.848
   495	-140.595
   496	-140.348
   497	-140.123
   498	-139.926
   499	-139.755
   500	-139.599
   501	-139.449
   502	-139.294
   503	-139.129
   504	-138.946
   505	-138.735
   506	-138.487
   507	-138.199
   508	-137.88
   509	-137.55
   510	-137.231
   511	-136.936
   512	-136.659
   513	-136.371
   514	-136.036
   515	-135.622
   516	-135.113
   517	-134.521
   518	-133.879
   519	-133.235
   520	-132.633
   521	-132.1
   522	-131.64
   523	-131.232
   524	-130.847
   525	-130.455
   526	-130.038
   527	-129.588
   528	-129.109
   529	-128.612
   530	-128.114
   531	-127.635
   532	-127.191
   533	-126.789
   534	-126.419
   535	-126.063
   536	-125.694
   537	-125.293
   538	-124.855
   539	-124.391
   540	-123.922
   541	-123.479
   542	-123.086
   543	-122.754
   544	-122.484
   545	-122.269
   546	-122.103
   547	-121.988
   548	-121.938
   549	-121.974
   550	-122.115
   551	-122.371
   552	-122.736
   553	-123.191
   554	-123.709
   555	-124.266
   556	-124.842
   557	-125.428
   558	-126.021
   559	-126.619
   560	-127.216
   561	-127.797
   562	-128.343
   563	-128.833
   564	-129.253
   565	-129.596
   566	-129.864
   567	-130.058
   568	-130.169
   569	-130.179
   570	-130.066
   571	-129.811
   572	-129.408
   573	-128.869
   574	-128.214
   575	-127.466
   576	-126.65
   577	-125.783
   578	-124.886
   579	-123.985
   580	-123.107
   581	-122.282
   582	-121.529
   583	-120.854
   584	-120.245
   585	-119.684
   586	-119.16
   587	-118.678
   588	-118.258
   589	-117.929
   590	-117.707
   591	-117.593
   592	-117.565
   593	-117.591
   594	-117.648
   595	-117.728
   596	-117.843
   597	-118.015
   598	-118.269
   599	-118.616
   600	-119.052
   601	-119.559
   602	-120.108
   603	-120.667
   604	-121.207
   605	-121.697
   606	-122.108
   607	-122.414
   608	-122.589
   609	-122.614
   610	-122.474
   611	-122.161
   612	-121.679
   613	-121.034
   614	-120.24
   615	-119.308
   616	-118.254
   617	-117.101
   618	-115.881
   619	-114.63
   620	-113.4
   621	-112.24
   622	-111.192
   623	-110.276
   624	-109.487
   625	-108.803
   626	-108.189
   627	-107.623
   628	-107.101
   629	-106.637
   630	-106.262
   631	-106.002
   632	-105.864
   633	-105.83
   634	-105.863
   635	-105.924
   636	-105.983
   637	-106.029
   638	-106.062
   639	-106.087
   640	-106.104
   641	-106.116
   642	-106.131
   643	-106.167
   644	-106.247
   645	-106.392
   646	-106.611
   647	-106.889
   648	-107.193
   649	-107.479
   650	-107.705
   651	-107.844
   652	-107.899
   653	-107.891
   654	-107.849
   655	-107.793
   656	-107.733
   657	-107.673
   658	-107.619
   659	-107.583
   660	-107.582
   661	-107.623
   662	-107.7
   663	-107.791
   664	-107.871
   665	-107.921
   666	-107.94
   667	-107.943
   668	-107.954
   669	-107.99
   670	-108.048
   671	-108.103
   672	-108.115
   673	-108.046
   674	-107.874
   675	-107.602
   676	-107.251
   677	-106.859
   678	-106.455
   679	-106.058
   680	-105.672
   681	-105.295
   682	-104.924
   683	-104.555
   684	-104.185
   685	-103.798
   686	-103.379
   687	-102.906
   688	-102.369
   689	-101.767
   690	-101.114
   691	-100.43
   692	-99.7368
   693	-99.0411
   694	-98.3345
   695	-97.5953
   696	-96.8037
   697	-95.9586
   698	-95.0906
   699	-94.2623
   700	-93.5546
   701	-93.0397
   702	-92.7529
   703	-92.6783
   704	-92.753
   705	-92.8896
   706	-93.0034
   707	-93.0325
   708	-92.9467
   709	-92.7444
   710	-92.443
   711	-92.0662
   712	-91.6337
   713	-91.1568
   714	-90.6428
   715	-90.1011
   716	-89.5487
   717	-89.007
   718	-88.493
   719	-88.0127
   720	-87.5652
   721	-87.1493
   722	-86.7709
   723	-86.4427
   724	-86.1758
   725	-85.9691
   726	-85.8001
   727	-85.6225
   728	-85.3725
   729	-84.9805
   730	-84.3883
   731	-83.5611
   732	-82.49
   733	-81.1861
   734	-79.6711
   735	-77.9701
   736	-76.1222
   737	-74.1897
   738	-72.2766
   739	-70.521
   740	-69.0537
   741	-67.9633
   742	-67.2663
   743	-66.9146
   744	-66.8289
   745	-66.9363
   746	-67.2039
   747	-67.6478
   748	-68.3153
   749	-69.2503
   750	-70.4534
   751	-71.8634
   752	-73.3663
   753	-74.8345
   754	-76.1666
   755	-77.3077
   756	-78.2542
   757	-79.0392
   758	-79.7106
   759	-80.3099
   760	-80.8589
   761	-81.3552
   762	-81.7767
   763	-82.0903
   764	-82.261
   765	-82.2603
   766	-82.0687
   767	-81.6754
   768	-81.0785
   769	-80.2854
   770	-79.3134
   771	-78.1893
   772	-76.9425
   773	-75.5943
   774	-74.149
   775	-72.5965
   776	-70.9288
   777	-69.1637
   778	-67.3686
   779	-65.664
   780	-64.1931
   781	-63.0786
   782	-62.3799
   783	-62.0771
   784	-62.0908
   785	-62.3186
   786	-62.6768
   787	-63.1248
   788	-63.6634
   789	-64.3151
   790	-65.0948
   791	-65.986
   792	-66.9384
   793	-67.8841
   794	-68.7624
   795	-69.5371
   796	-70.1963
   797	-70.74
   798	-71.164
   799	-71.455
   800	-71.6008
   801	-71.5999
   802	-71.4672
   803	-71.2291
   804	-70.9107
   805	-70.5247
   806	-70.0661
   807	-69.5109
   808	-68.8274
   809	-67.9863
   810	-66.9706
   811	-65.7836
   812	-64.4467
   813	-62.9939
   814	-61.464
   815	-59.9005
   816	-58.3583
   817	-56.9083
   818	-55.6323
   819	-54.609
   820	-53.8897
   821	-53.4807
   822	-53.3396
   823	-53.3918
   824	-53.5585
   825	-53.7851
   826	-54.0578
   827	-54.4025
   828	-54.8687
   829	-55.498
   830	-56.2935
   831	-57.204
   832	-58.1336
   833	-58.9755
   834	-59.6501
   835	-60.1329
   836	-60.4625
   837	-60.7279
   838	-61.0389
   839	-61.4896
   840	-62.1279
   841	-62.9412
   842	-63.8645
   843	-64.8045
   844	-65.6665
   845	-66.3777
   846	-66.8987
   847	-67.2242
   848	-67.3803
   849	-67.4144
   850	-67.3757
   851	-67.2937
   852	-67.1612
   853	-66.9331
   854	-66.5419
   855	-65.9263
   856	-65.0609
   857	-63.9767
   858	-62.7652
   859	-61.5604
   860	-60.5026
   861	-59.6935
   862	-59.1685
   863	-58.8998
   864	-58.8235
   865	-58.8742
   866	-59.007
   867	-59.203
   868	-59.4636
   869	-59.7997
   870	-60.2225
   871	-60.7383
   872	-61.3464
   873	-62.04
   874	-62.8067
   875	-63.6296
   876	-64.4869
   877	-65.3492
   878	-66.1889
   879	-66.986
   880	-67.7325
   881	-68.4384
   882	-69.127
   883	-69.8207
   884	-70.5272
   885	-71.2382
   886	-71.9294
   887	-72.5667
   888	-73.1127
   889	-73.5309
   890	-73.7856
   891	-73.8474
   892	-73.6952
   893	-73.3167
   894	-72.7092
   895	-71.8839
   896	-70.8764
   897	-69.7496
   898	-68.596
   899	-67.5173
   900	-66.589
   901	-65.8391
   902	-65.2469
   903	-64.7631
   904	-64.3471
   905	-63.9944
   906	-63.7462
   907	-63.6725
   908	-63.8385
   909	-64.2686
   910	-64.9237
   911	-65.7072
   912	-66.4975
   913	-67.1889
   914	-67.7226
   915	-68.0942
   916	-68.3386
   917	-68.5029
   918	-68.6228
   919	-68.7145
   920	-68.7788
   921	-68.8107
   922	-68.8067
   923	-68.7657
   924	-68.6872
   925	-68.572
   926	-68.4258
   927	-68.2642
   928	-68.1138
   929	-68.0069
   930	-67.9713
   931	-68.016
   932	-68.1206
   933	-68.2347
   934	-68.2965
   935	-68.2596
   936	-68.1258
   937	-67.9575
   938	-67.8643
   939	-67.9623
   940	-68.3246
   941	-68.9504
   942	-69.7693
   943	-70.6767
   944	-71.5771
   945	-72.4122
   946	-73.1684
   947	-73.8633
   948	-74.5238
   949	-75.1665
   950	-75.7864
   951	-76.3578
   952	-76.8444
   953	-77.2102
   954	-77.4264
   955	-77.4709
   956	-77.324
   957	-76.9669
   958	-76.3881
   959	-75.5931
   960	-74.6113
   961	-73.4904
   962	-72.2838
   963	-71.0327
   964	-69.7622
   965	-68.4948
   966	-67.2663
   967	-66.1361
   968	-65.1798
   969	-64.4674
   970	-64.0382
   971	-63.886
   972	-63.9647
   973	-64.2121
   974	-64.5778
   975	-65.0444
   976	-65.63
   977	-66.3757
   978	-67.3184
   979	-68.462
   980	-69.763
   981	-71.1373
   982	-72.485
   983	-73.7218
   984	-74.7987
   985	-75.7006
   986	-76.4338
   987	-77.0081
   988	-77.4253
   989	-77.6795
   990	-77.7617
   991	-77.6669
   992	-77.3959
   993	-76.9548
   994	-76.3549
   995	-75.615
   996	-74.7635
   997	-73.8383
   998	-72.8896
   999	-71.9707
  1000	-71.1217
  1001	-70.359
  1002	-69.6687
  1003	-69.0161
  1004	-68.3615
  1005	-67.6803
  1006	-66.9793
  1007	-66.299
  1008	-65.6995
  1009	-65.2347
  1010	-64.926
  1011	-64.7497
  1012	-64.646
  1013	-64.5429
  1014	-64.3858
  1015	-64.1567
  1016	-63.8786
  1017	-63.607
  1018	-63.4087
  1019	-63.3366
  1020	-63.4126
  1021	-63.6259
  1022	-63.942
  1023	-64.322
  1024	-64.7329
  1025	-65.1503
  1026	-65.5542
  1027	-65.9242
  1028	-66.2418
  1029	-66.4934
  1030	-66.673
  1031	-66.7802
  1032	-66.8137
  1033	-66.7682
  1034	-66.6383
  1035	-66.4314
  1036	-66.1787
  1037	-65.9357
  1038	-65.7659
  1039	-65.7143
  1040	-65.7861
  1041	-65.9428
  1042	-66.1187
  1043	-66.2507
  1044	-66.3046
  1045	-66.2893
  1046	-66.2542
  1047	-66.2675
  1048	-66.3853
  1049	-66.6231
  1050	-66.9455
  1051	-67.2797
  1052	-67.5453
  1053	-67.6877
  1054	-67.6984
  1055	-67.6132
  1056	-67.4937
  1057	-67.4001
  1058	-67.3672
  1059	-67.3942
  1060	-67.4512
  1061	-67.4964
  1062	-67.4972
  1063	-67.4425
  1064	-67.3429
  1065	-67.2231
  1066	-67.1095
  1067	-67.0216
  1068	-66.97
  1069	-66.9605
  1070	-66.9966
  1071	-67.0794
  1072	-67.2025
  1073	-67.352
  1074	-67.5147
  1075	-67.6949
  1076	-67.9283
  1077	-68.2772
  1078	-68.8085
  1079	-69.5576
  1080	-70.5009
  1081	-71.5544
  1082	-72.5993
  1083	-73.5152
  1084	-74.2165
  1085	-74.6746
  1086	-74.9174
  1087	-75.0115
  1088	-75.0335
  1089	-75.0412
  1090	-75.0585
  1091	-75.077
  1092	-75.0749
  1093	-75.0366
  1094	-74.9658
  1095	-74.8845
  1096	-74.8229
  1097	-74.8073
  1098	-74.8523
  1099	-74.9592
  1100	-75.119
  1101	-75.3177
  1102	-75.5378
  1103	-75.7558
  1104	-75.9379
  1105	-76.0354
  1106	-75.9862
  1107	-75.726
  1108	-75.2073
  1109	-74.4152
  1110	-73.3698
  1111	-72.1171
  1112	-70.7152
  1113	-69.2167
  1114	-67.6646
  1115	-66.1026
  1116	-64.5801
  1117	-63.156
  1118	-61.89
  1119	-60.8287
  1120	-59.9921
  1121	-59.3692
  1122	-58.927
  1123	-58.6325
  1124	-58.4746
  1125	-58.478
  1126	-58.6959
  1127	-59.1844
  1128	-59.9662
  1129	-61.0046
  1130	-62.204
  1131	-63.4397
  1132	-64.5958
  1133	-65.6076
  1134	-66.4762
  1135	-67.2553
  1136	-68.024
  1137	-68.8502
  1138	-69.7587
  1139	-70.7184
  1140	-71.6554
  1141	-72.4783
  1142	-73.1061
  1143	-73.4834
  1144	-73.5867
  1145	-73.4217
  1146	-73.0204
  1147	-72.4328
  1148	-71.7175
  1149	-70.925
  1150	-70.0802
  1151	-69.1752
  1152	-68.177
  1153	-67.0474
  1154	-65.7702
  1155	-64.3768
  1156	-62.9537
  1157	-61.63
  1158	-60.5424
  1159	-59.791
  1160	-59.4101
  1161	-59.3631
  1162	-59.5652
  1163	-59.9212
  1164	-60.3579
  1165	-60.8405
  1166	-61.3733
  1167	-61.9854
  1168	-62.7135
  1169	-63.584
  1170	-64.6014
  1171	-65.7521
  1172	-67.0135
  1173	-68.368
  1174	-69.8079
  1175	-71.3309
  1176	-72.9329
  1177	-74.6007
  1178	-76.3103
  1179	-78.0307
  1180	-79.7306
  1181	-81.3796
  1182	-82.9501
  1183	-84.4089
  1184	-85.718
  1185	-86.8431
  1186	-87.7565
  1187	-88.439
  1188	-88.8849
  1189	-89.1024
  1190	-89.1119
  1191	-88.9447
  1192	-88.6419
  1193	-88.2504
  1194	-87.8193
  1195	-87.3964
  1196	-87.0221
  1197	-86.724
  1198	-86.5134
  1199	-86.3851
  1200	-86.3218
  1201	-86.3022
  1202	-86.3094
  1203	-86.3371
  1204	-86.3897
  1205	-86.4761
  1206	-86.6012
  1207	-86.757
  1208	-86.9192
  1209	-87.0523
  1210	-87.1189
  1211	-87.0942
  1212	-86.9785
  1213	-86.8017
  1214	-86.6209
  1215	-86.5074
  1216	-86.5265
  1217	-86.7202
  1218	-87.0974
  1219	-87.6371
  1220	-88.3019
  1221	-89.05
  1222	-89.8418
  1223	-90.6447
  1224	-91.4368
  1225	-92.208
  1226	-92.964
  1227	-93.7235
  1228	-94.5092
  1229	-95.335
  1230	-96.1902
  1231	-97.0359
  1232	-97.8117
  1233	-98.4521
  1234	-98.9071
  1235	-99.1554
  1236	-99.2107
  1237	-99.1131
  1238	-98.9148
  1239	-98.6616
  1240	-98.3783
  1241	-98.0671
  1242	-97.7127
  1243	-97.2969
  1244	-96.8075
  1245	-96.2413
  1246	-95.6068
  1247	-94.9243
  1248	-94.2275
  1249	-93.5623
  1250	-92.9828
  1251	-92.5411
  1252	-92.2754
  1253	-92.2015
  1254	-92.3066
  1255	-92.5485
  1256	-92.8656
  1257	-93.1908
  1258	-93.4689
  1259	-93.6673
  1260	-93.7774
  1261	-93.806
  1262	-93.765
  1263	-93.662
  1264	-93.4977
  1265	-93.2651
  1266	-92.9532
  1267	-92.5503
  1268	-92.0511
  1269	-91.4606
  1270	-90.7942
  1271	-90.0776
  1272	-89.343
  1273	-88.6288
  1274	-87.9819
  1275	-87.4538
  1276	-87.0987
  1277	-86.9627
  1278	-87.0689
  1279	-87.4083
  1280	-87.9403
  1281	-88.6082
  1282	-89.3596
  1283	-90.1649
  1284	-91.025
  1285	-91.9615
  1286	-92.9983
  1287	-94.1398
  1288	-95.3626
  1289	-96.6188
  1290	-97.8509
  1291	-99.0104
  1292	-100.067
  1293	-101.009
  1294	-101.825
  1295	-102.5
  1296	-103.005
  1297	-103.308
  1298	-103.389
  1299	-103.251
  1300	-102.913
  1301	-102.398
  1302	-101.721
  1303	-100.884
  1304	-99.8835
  1305	-98.7213
  1306	-97.416
  1307	-96.0067
  1308	-94.5406
  1309	-93.0593
  1310	-91.5889
  1311	-90.1355
  1312	-88.6971
  1313	-87.2766
  1314	-85.898
  1315	-84.6146
  1316	-83.5018
  1317	-82.6383
  1318	-82.0813
  1319	-81.8497
  1320	-81.9207
  1321	-82.2389
  1322	-82.7331
  1323	-83.3301
  1324	-83.9635
  1325	-84.577
  1326	-85.1259
  1327	-85.578
  1328	-85.9147
  1329	-86.1299
  1330	-86.2216
  1331	-86.184
  1332	-86.0007
  1333	-85.6428
  1334	-85.0753
  1335	-84.267
  1336	-83.202
  1337	-81.8865
  1338	-80.3543
  1339	-78.6615
  1340	-76.8701
  1341	-75.0359
  1342	-73.2026
  1343	-71.3995
  1344	-69.6524
  1345	-67.9955
  1346	-66.4733
  1347	-65.1315
  1348	-64.0095
  1349	-63.1274
  1350	-62.4767
  1351	-62.0302
  1352	-61.7579
  1353	-61.6414
  1354	-61.6781
  1355	-61.8756
  1356	-62.2353
  1357	-62.7375
  1358	-63.3321
  1359	-63.9445
  1360	-64.4951
  1361	-64.9191
  1362	-65.1836
  1363	-65.2927
  1364	-65.2808
  1365	-65.1953
  1366	-65.081
  1367	-64.9667
  1368	-64.8596
  1369	-64.7495
  1370	-64.6169
  1371	-64.4451
  1372	-64.228
  1373	-63.978
  1374	-63.7304
  1375	-63.5419
  1376	-63.4836
  1377	-63.6241
  1378	-64.0087
  1379	-64.6402
  1380	-65.4737
  1381	-66.4271
  1382	-67.4068
  1383	-68.3318
  1384	-69.1549
  1385	-69.8745
  1386	-70.5275
  1387	-71.1735
  1388	-71.8714
  1389	-72.6576
  1390	-73.533
  1391	-74.4666
  1392	-75.407
  1393	-76.3057
  1394	-77.1332
  1395	-77.8816
  1396	-78.5661
  1397	-79.2154
  1398	-79.8589
  1399	-80.5146
  1400	-81.1848
  1401	-81.8567
  1402	-82.5087
  1403	-83.1181
  1404	-83.6633
  1405	-84.1233
  1406	-84.4768
  1407	-84.7043
  1408	-84.7939
  1409	-84.7471
  1410	-84.5842
  1411	-84.3423
  1412	-84.0675
  1413	-83.8007
  1414	-83.564
  1415	-83.3525
  1416	-83.1372
  1417	-82.8767
  1418	-82.5374
  1419	-82.1087
  1420	-81.606
  1421	-81.0636
  1422	-80.5187
  1423	-80.0009
  1424	-79.5287
  1425	-79.1118
  1426	-78.7567
  1427	-78.4649
  1428	-78.2307
  1429	-78.0372
  1430	-77.8558
  1431	-77.6535
  1432	-77.405
  1433	-77.1048
  1434	-76.7747
  1435	-76.4607
  1436	-76.2181
  1437	-76.0904
  1438	-76.0906
  1439	-76.1956
  1440	-76.3574
  1441	-76.5227
  1442	-76.6531
  1443	-76.7333
  1444	-76.7663
  1445	-76.7611
  1446	-76.7181
  1447	-76.6226
  1448	-76.4444
  1449	-76.1466
  1450	-75.6932
  1451	-75.0533
  1452	-74.2052
  1453	-73.1346
  1454	-71.8378
  1455	-70.3294
  1456	-68.6452
  1457	-66.8414
  1458	-64.9841
  1459	-63.132
  1460	-61.3212
  1461	-59.5597
  1462	-57.8359
  1463	-56.1384
  1464	-54.476
  1465	-52.8865
  1466	-51.436
  1467	-50.2017
  1468	-49.2519
  1469	-48.63
  1470	-48.3422
  1471	-48.3659
  1472	-48.6658
  1473	-49.2102
  1474	-49.9832
  1475	-50.9868
  1476	-52.235
  1477	-53.7365
  1478	-55.4827
  1479	-57.4354
  1480	-59.5175
  1481	-61.6234
  1482	-63.6388
  1483	-65.4582
  1484	-66.9942
  1485	-68.1801
  1486	-68.9701
  1487	-69.3402
  1488	-69.2925
  1489	-68.8559
  1490	-68.0807
  1491	-67.0307
  1492	-65.774
  1493	-64.3716
  1494	-62.8727
  1495	-61.3201
  1496	-59.7533
  1497	-58.2126
  1498	-56.7417
  1499	-55.3847
  1500	-54.1846
  1501	-53.1793
  1502	-52.402
  1503	-51.8795
  1504	-51.6274
  1505	-51.6468
  1506	-51.9143
  1507	-52.3794
  1508	-52.9697
  1509	-53.6069
  1510	-54.2245
  1511	-54.7871
  1512	-55.2985
  1513	-55.7995
  1514	-56.3514
  1515	-57.0136
  1516	-57.8178
  1517	-58.754
  1518	-59.7706
  1519	-60.7928
  1520	-61.7441
  1521	-62.5662
  1522	-63.2257
  1523	-63.714
  1524	-64.0361
  1525	-64.2022
  1526	-64.2183
  1527	-64.0831
  1528	-63.7842
  1529	-63.2965
  1530	-62.5832
  1531	-61.6019
  1532	-60.3219
  1533	-58.7389
  1534	-56.8916
  1535	-54.8751
  1536	-52.8237
  1537	-50.8812
  1538	-49.1551
  1539	-47.6895
  1540	-46.4715
  1541	-45.4489
  1542	-44.5643
  1543	-43.78
  1544	-43.0923
  1545	-42.5303
  1546	-42.139
  1547	-41.9597
  1548	-42.0121
  1549	-42.2862
  1550	-42.7483
  1551	-43.3499
  1552	-44.0382
  1553	-44.7679
  1554	-45.5037
  1555	-46.2197
  1556	-46.901
  1557	-47.542
  1558	-48.1456
  1559	-48.7196
  1560	-49.2644
  1561	-49.7706
  1562	-50.2136
  1563	-50.5561
  1564	-50.7536
  1565	-50.7668
  1566	-50.5731
  1567	-50.1778
  1568	-49.6166
  1569	-48.9513
  1570	-48.2586
  1571	-47.6136
  1572	-47.0788
  1573	-46.697
  1574	-46.4914
  1575	-46.4642
  1576	-46.6031
  1577	-46.8854
  1578	-47.285
  1579	-47.78
  1580	-48.3587
  1581	-49.0222
  1582	-49.7806
  1583	-50.6454
  1584	-51.6177
  1585	-52.6794
  1586	-53.7873
  1587	-54.8814
  1588	-55.8929
  1589	-56.7601
  1590	-57.4506
  1591	-57.9652
  1592	-58.3382
  1593	-58.6251
  1594	-58.8863
  1595	-59.1706
  1596	-59.5028
  1597	-59.8819
  1598	-60.286
  1599	-60.6849
  1600	-61.0525
  1601	-61.3727
  1602	-61.6411
  1603	-61.8629
  1604	-62.0487
  1605	-62.21
  1606	-62.3552
  1607	-62.4855
  1608	-62.5925
  1609	-62.6563
  1610	-62.648
  1611	-62.5373
  1612	-62.303
  1613	-61.9434
  1614	-61.483
  1615	-60.9708
  1616	-60.471
  1617	-60.0446
  1618	-59.7355
  1619	-59.5602
  1620	-59.5098
  1621	-59.56
  1622	-59.6839
  1623	-59.8617
  1624	-60.0854
  1625	-60.3554
  1626	-60.6776
  1627	-61.0561
  1628	-61.49
  1629	-61.9706
  1630	-62.4829
  1631	-63.0067
  1632	-63.5196
  1633	-64.0006
  1634	-64.432
  1635	-64.8026
  1636	-65.1101
  1637	-65.361
  1638	-65.5668
  1639	-65.7399
  1640	-65.8882
  1641	-66.0101
  1642	-66.0928
  1643	-66.1145
  1644	-66.0483
  1645	-65.8674
  1646	-65.5521
  1647	-65.0931
  1648	-64.4924
  1649	-63.7638
  1650	-62.9302
  1651	-62.0238
  1652	-61.0826
  1653	-60.1498
  1654	-59.2681
  1655	-58.4735
  1656	-57.7884
  1657	-57.2206
  1658	-56.7632
  1659	-56.4012
  1660	-56.1232
  1661	-55.927
  1662	-55.8225
  1663	-55.829
  1664	-55.9681
  1665	-56.254
  1666	-56.6887
  1667	-57.2591
  1668	-57.9407
  1669	-58.7038
  1670	-59.522
  1671	-60.3771
  1672	-61.2609
  1673	-62.1729
  1674	-63.1147
  1675	-64.0841
  1676	-65.0689
  1677	-66.0425
  1678	-66.9691
  1679	-67.8084
  1680	-68.5152
  1681	-69.0465
  1682	-69.3672
  1683	-69.451
  1684	-69.284
  1685	-68.8654
  1686	-68.208
  1687	-67.3359
  1688	-66.2791
  1689	-65.0722
  1690	-63.7546
  1691	-62.3719
  1692	-60.9809
  1693	-59.652
  1694	-58.4662
  1695	-57.5065
  1696	-56.8441
  1697	-56.5279
  1698	-56.5782
  1699	-56.9846
  1700	-57.711
  1701	-58.7019
  1702	-59.89
  1703	-61.2017
  1704	-62.5622
  1705	-63.9045
  1706	-65.1731
  1707	-66.3298
  1708	-67.3554
  1709	-68.2475
  1710	-69.0175
  1711	-69.6809
  1712	-70.25
  1713	-70.7282
  1714	-71.1095
  1715	-71.3839
  1716	-71.543
  1717	-71.5844
  1718	-71.5142
  1719	-71.3446
  1720	-71.0889
  1721	-70.7566
  1722	-70.349
  1723	-69.8604
  1724	-69.28
  1725	-68.5949
  1726	-67.7953
  1727	-66.8772
  1728	-65.8493
  1729	-64.7353
  1730	-63.5772
  1731	-62.4368
  1732	-61.3906
  1733	-60.5262
  1734	-59.9254
  1735	-59.6414
  1736	-59.6902
  1737	-60.0508
  1738	-60.6759
  1739	-61.5112
  1740	-62.5131
  1741	-63.6558
  1742	-64.9269
  1743	-66.3188
  1744	-67.8152
  1745	-69.3793
  1746	-70.9569
  1747	-72.4852
  1748	-73.9051
  1749	-75.1716
  1750	-76.2623
  1751	-77.175
  1752	-77.9215
  1753	-78.5206
  1754	-78.9918
  1755	-79.3489
  1756	-79.5958
  1757	-79.7249
  1758	-79.718
  1759	-79.5518
  1760	-79.2018
  1761	-78.6521
  1762	-77.8995
  1763	-76.9612
  1764	-75.8735
  1765	-74.6843
  1766	-73.446
  1767	-72.2057
  1768	-71.0045
  1769	-69.8767
  1770	-68.8512
  1771	-67.9594
  1772	-67.2419
  1773	-66.7469
  1774	-66.5258
  1775	-66.6288
  1776	-67.0918
  1777	-67.928
  1778	-69.1216
  1779	-70.6267
  1780	-72.3729
  1781	-74.2743
  1782	-76.2365
  1783	-78.1792
  1784	-80.0407
  1785	-81.7734
  1786	-83.3491
  1787	-84.7553
  1788	-85.9942
  1789	-87.0766
  1790	-88.0118
  1791	-88.8065
  1792	-89.4661
  1793	-89.9955
  1794	-90.4035
  1795	-90.705
  1796	-90.9203
  1797	-91.0708
  1798	-91.1742
  1799	-91.2397
  1800	-91.2653
  1801	-91.2379
  1802	-91.1361
  1803	-90.936
  1804	-90.617
  1805	-90.1683
  1806	-89.5939
  1807	-88.9141
  1808	-88.1683
  1809	-87.4106
  1810	-86.7018
  1811	-86.0995
  1812	-85.6483
  1813	-85.3747
  1814	-85.2869
  1815	-85.377
  1816	-85.6299
  1817	-86.028
  1818	-86.5565
  1819	-87.2012
  1820	-87.944
  1821	-88.7595
  1822	-89.6181
  1823	-90.4829
  1824	-91.3143
  1825	-92.0808
  1826	-92.759
  1827	-93.337
  1828	-93.8134
  1829	-94.1942
  1830	-94.4928
  1831	-94.723
  1832	-94.8927
  1833	-95.0002
  1834	-95.0319
  1835	-94.9641
  1836	-94.7685
  1837	-94.4206
  1838	-93.9053
  1839	-93.22
  1840	-92.3748
  1841	-91.3894
  1842	-90.2901
  1843	-89.0977
  1844	-87.8234
  1845	-86.4749
  1846	-85.0545
  1847	-83.5651
  1848	-82.0173
  1849	-80.4375
  1850	-78.8718
  1851	-77.3856
  1852	-76.0585
  1853	-74.9633
  1854	-74.1493
  1855	-73.6369
  1856	-73.4118
  1857	-73.4293
  1858	-73.6287
  1859	-73.9483
  1860	-74.3376
  1861	-74.7639
  1862	-75.2118
  1863	-75.678
  1864	-76.1648
  1865	-76.6735
  1866	-77.1999
  1867	-77.7347
  1868	-78.264
  1869	-78.7721
  1870	-79.2453
  1871	-79.6747
  1872	-80.0582
  1873	-80.4006
  1874	-80.7111
  1875	-80.9982
  1876	-81.2647
  1877	-81.5022
  1878	-81.6877
  1879	-81.7849
  1880	-81.7499
  1881	-81.5381
  1882	-81.1113
  1883	-80.4434
  1884	-79.5254
  1885	-78.3642
  1886	-76.9826
  1887	-75.4141
  1888	-73.7063
  1889	-71.9202
  1890	-70.1253
  1891	-68.3986
  1892	-66.814
  1893	-65.4442
  1894	-64.3532
  1895	-63.5836
  1896	-63.156
  1897	-63.0708
  1898	-63.3073
  1899	-63.8241
  1900	-64.5624
  1901	-65.4501
  1902	-66.4075
  1903	-67.3596
  1904	-68.243
  1905	-69.0144
  1906	-69.6524
  1907	-70.1562
  1908	-70.538
  1909	-70.8161
  1910	-71.0076
  1911	-71.1242
  1912	-71.1717
  1913	-71.1511
  1914	-71.0616
  1915	-70.9034
  1916	-70.6792
  1917	-70.3933
  1918	-70.0526
  1919	-69.6654
  1920	-69.2406
  1921	-68.787
  1922	-68.3105
  1923	-67.8134
  1924	-67.2939
  1925	-66.7501
  1926	-66.1843
  1927	-65.6107
  1928	-65.0588
  1929	-64.5743
  1930	-64.2115
  1931	-64.0209
  1932	-64.0333
  1933	-64.2493
  1934	-64.6356
  1935	-65.1331
  1936	-65.6705
  1937	-66.1792
  1938	-66.6057
  1939	-66.9168
  1940	-67.0993
  1941	-67.1553
  1942	-67.0983
  1943	-66.9449
  1944	-66.7106
  1945	-66.4078
  1946	-66.0448
  1947	-65.6283
  1948	-65.1666
  1949	-64.6736
  1950	-64.1724
  1951	-63.6986
  1952	-63.2974
  1953	-63.0166
  1954	-62.8953
  1955	-62.9526
  1956	-63.1805
  1957	-63.5447
  1958	-63.9911
  1959	-64.4551
  1960	-64.8738
  1961	-65.1915
  1962	-65.3643
  1963	-65.36
  1964	-65.158
  1965	-64.7476
  1966	-64.131
  1967	-63.3243
  1968	-62.3562
  1969	-61.2657
  1970	-60.0995
  1971	-58.9062
  1972	-57.7308
  1973	-56.6135
  1974	-55.5915
  1975	-54.7006
  1976	-53.9766
  1977	-53.4518
  1978	-53.1494
  1979	-53.0739
  1980	-53.2046
  1981	-53.497
  1982	-53.8895
  1983	-54.316
  1984	-54.7186
  1985	-55.0605
  1986	-55.3287
  1987	-55.531
  1988	-55.6885
  1989	-55.8251
  1990	-55.9615
  1991	-56.1102
  1992	-56.2757
  1993	-56.4573
  1994	-56.6522
  1995	-56.8598
  1996	-57.0819
  1997	-57.3235
  1998	-57.59
  1999	-57.8867
  2000	-58.2165
  2001	-58.577
