     1	147.27
     2	147.471
     3	147.676
     4	147.851
     5	147.96
     6	147.974
     7	147.88
     8	147.685
     9	147.412
    10	147.101
    11	146.799
    12	146.54
    13	146.337
    14	146.176
    15	146.018
    16	145.822
    17	145.555
    18	145.214
    19	144.83
    20	144.464
    21	144.192
    22	144.073
    23	144.126
    24	144.318
    25	144.579
    26	144.829
    27	145.001
    28	145.07
    29	145.054
    30	145.009
    31	145.009
    32	145.114
    33	145.349
    34	145.7
    35	146.117
    36	146.535
    37	146.901
    38	147.189
    39	147.4
    40	147.556
    41	147.686
    42	147.81
    43	147.93
    44	148.031
    45	148.08
    46	148.047
    47	147.906
    48	147.653
    49	147.307
    50	146.91
    51	146.521
    52	146.197
    53	145.974
    54	145.861
    55	145.836
    56	145.86
    57	145.896
    58	145.925
    59	145.956
    60	146.022
    61	146.167
    62	146.427
    63	146.812
    64	147.302
    65	147.85
    66	148.404
    67	148.922
    68	149.382
    69	149.79
    70	150.167
    71	150.538
    72	150.914
    73	151.293
    74	151.65
    75	151.955
    76	152.179
    77	152.307
    78	152.337
    79	152.281
    80	152.154
    81	151.968
    82	151.726
    83	151.42
    84	151.039
    85	150.573
    86	150.023
    87	149.407
    88	148.758
    89	148.124
    90	147.556
    91	147.1
    92	146.782
    93	146.6
    94	146.531
    95	146.542
    96	146.601
    97	146.693
    98	146.83
    99	147.048
   100	147.394
   101	147.909
   102	148.603
   103	149.448
   104	150.379
   105	151.316
   106	152.183
   107	152.93
   108	153.541
   109	154.029
   110	154.428
   111	154.774
   112	155.084
   113	155.348
   114	155.532
   115	155.585
   116	155.461
   117	155.133
   118	154.603
   119	153.902
   120	153.087
   121	152.231
   122	151.402
   123	150.646
   124	149.982
   125	149.396
   126	148.86
   127	148.349
   128	147.853
   129	147.388
   130	146.987
   131	146.691
   132	146.53
   133	146.515
   134	146.626
   135	146.824
   136	147.058
   137	147.283
   138	147.47
   139	147.606
   140	147.695
   141	147.749
   142	147.781
   143	147.797
   144	147.789
   145	147.745
   146	147.646
   147	147.481
   148	147.249
   149	146.966
   150	146.654
   151	146.337
   152	146.028
   153	145.726
   154	145.419
   155	145.09
   156	144.733
   157	144.355
   158	143.981
   159	143.644
   160	143.373
   161	143.183
   162	143.067
   163	143.001
   164	142.952
   165	142.89
   166	142.802
   167	142.695
   168	142.593
   169	142.533
   170	142.549
   171	142.662
   172	142.869
   173	143.143
   174	143.441
   175	143.719
   176	143.942
   177	144.098
   178	144.202
   179	144.288
   180	144.401
   181	144.572
   182	144.809
   183	145.081
   184	145.334
   185	145.501
   186	145.529
   187	145.391
   188	145.094
   189	144.676
   190	144.192
   191	143.695
   192	143.215
   193	142.756
   194	142.299
   195	141.81
   196	141.262
   197	140.65
   198	139.991
   199	139.332
   200	138.734
   201	138.268
   202	137.993
   203	137.942
   204	138.118
   205	138.497
   206	139.045
   207	139.73
   208	140.528
   209	141.424
   210	142.414
   211	143.489
   212	144.64
   213	145.842
   214	147.066
   215	148.269
   216	149.411
   217	150.451
   218	151.351
   219	152.087
   220	152.642
   221	153.018
   222	153.225
   223	153.281
   224	153.206
   225	153.017
   226	152.73
   227	152.358
   228	151.921
   229	151.447
   230	150.97
   231	150.523
   232	150.137
   233	149.832
   234	149.623
   235	149.518
   236	149.526
   237	149.66
   238	149.937
   239	150.373
   240	150.971
   241	151.715
   242	152.567
   243	153.48
   244	154.408
   245	155.318
   246	156.195
   247	157.042
   248	157.868
   249	158.679
   250	159.47
   251	160.216
   252	160.883
   253	161.431
   254	161.833
   255	162.075
   256	162.159
   257	162.104
   258	161.943
   259	161.715
   260	161.459
   261	161.204
   262	160.962
   263	160.724
   264	160.472
   265	160.185
   266	159.855
   267	159.494
   268	159.137
   269	158.836
   270	158.65
   271	158.625
   272	158.78
   273	159.095
   274	159.526
   275	160.013
   276	160.508
   277	160.978
   278	161.415
   279	161.833
   280	162.258
   281	162.714
   282	163.215
   283	163.753
   284	164.299
   285	164.812
   286	165.25
   287	165.578
   288	165.781
   289	165.861
   290	165.84
   291	165.747
   292	165.616
   293	165.467
   294	165.308
   295	165.133
   296	164.926
   297	164.672
   298	164.37
   299	164.029
   300	163.671
   301	163.325
   302	163.016
   303	162.762
   304	162.572
   305	162.449
   306	162.395
   307	162.417
   308	162.526
   309	162.727
   310	163.014
   311	163.368
   312	163.758
   313	164.155
   314	164.534
   315	164.883
   316	165.2
   317	165.49
   318	165.756
   319	165.991
   320	166.185
   321	166.325
   322	166.397
   323	166.397
   324	166.327
   325	166.196
   326	166.018
   327	165.815
   328	165.609
   329	165.424
   330	165.278
   331	165.172
   332	165.092
   333	165.006
   334	164.878
   335	164.677
   336	164.39
   337	164.024
   338	163.614
   339	163.212
   340	162.871
   341	162.624
   342	162.472
   343	162.384
   344	162.309
   345	162.199
   346	162.028
   347	161.803
   348	161.56
   349	161.355
   350	161.244
   351	161.257
   352	161.39
   353	161.607
   354	161.852
   355	162.067
   356	162.216
   357	162.284
   358	162.284
   359	162.246
   360	162.213
   361	162.221
   362	162.295
   363	162.438
   364	162.632
   365	162.852
   366	163.07
   367	163.273
   368	163.461
   369	163.653
   370	163.874
   371	164.148
   372	164.482
   373	164.863
   374	165.255
   375	165.611
   376	165.887
   377	166.048
   378	166.084
   379	166.005
   380	165.836
   381	165.608
   382	165.343
   383	165.044
   384	164.701
   385	164.295
   386	163.817
   387	163.28
   388	162.721
   389	162.195
   390	161.758
   391	161.446
   392	161.27
   393	161.214
   394	161.245
   395	161.335
   396	161.465
   397	161.634
   398	161.851
   399	162.119
   400	162.428
   401	162.753
   402	163.058
   403	163.309
   404	163.483
   405	163.569
   406	163.572
   407	163.505
   408	163.385
   409	163.227
   410	163.04
   411	162.819
   412	162.551
   413	162.207
   414	161.76
   415	161.19
   416	160.497
   417	159.712
   418	158.899
   419	158.142
   420	157.515
   421	157.057
   422	156.757
   423	156.558
   424	156.383
   425	156.168
   426	155.888
   427	155.564
   428	155.254
   429	155.034
   430	154.96
   431	155.054
   432	155.286
   433	155.592
   434	155.891
   435	156.114
   436	156.223
   437	156.212
   438	156.109
   439	155.96
   440	155.818
   441	155.724
   442	155.695
   443	155.718
   444	155.762
   445	155.791
   446	155.779
   447	155.724
   448	155.654
   449	155.618
   450	155.67
   451	155.849
   452	156.16
   453	156.575
   454	157.043
   455	157.505
   456	157.916
   457	158.255
   458	158.526
   459	158.753
   460	158.966
   461	159.184
   462	159.404
   463	159.602
   464	159.741
   465	159.785
   466	159.712
   467	159.524
   468	159.245
   469	158.91
   470	158.556
   471	158.207
   472	157.872
   473	157.542
   474	157.199
   475	156.825
   476	156.416
   477	155.979
   478	155.534
   479	155.108
   480	154.723
   481	154.391
   482	154.108
   483	153.855
   484	153.61
   485	153.35
   486	153.065
   487	152.759
   488	152.457
   489	152.19
   490	151.991
   491	151.872
   492	151.828
   493	151.829
   494	151.837
   495	151.816
   496	151.753
   497	151.663
   498	151.59
   499	151.59
   500	151.708
   501	151.961
   502	152.318
   503	152.716
   504	153.073
   505	153.321
   506	153.425
   507	153.39
   508	153.251
   509	153.058
   510	152.852
   511	152.649
   512	152.436
   513	152.175
   514	151.819
   515	151.331
   516	150.696
   517	149.931
   518	149.083
   519	148.221
   520	147.414
   521	146.714
   522	146.14
   523	145.671
   524	145.261
   525	144.86
   526	144.436
   527	143.989
   528	143.555
   529	143.195
   530	142.969
   531	142.912
   532	143.018
   533	143.235
   534	143.488
   535	143.694
   536	143.797
   537	143.776
   538	143.654
   539	143.48
   540	143.318
   541	143.211
   542	143.171
   543	143.169
   544	143.149
   545	143.054
   546	142.847
   547	142.53
   548	142.141
   549	141.742
   550	141.395
   551	141.139
   552	140.979
   553	140.882
   554	140.796
   555	140.67
   556	140.477
   557	140.22
   558	139.932
   559	139.663
   560	139.454
   561	139.326
   562	139.266
   563	139.235
   564	139.18
   565	139.056
   566	138.837
   567	138.529
   568	138.162
   569	137.781
   570	137.425
   571	137.108
   572	136.816
   573	136.505
   574	136.12
   575	135.615
   576	134.969
   577	134.202
   578	133.366
   579	132.537
   580	131.786
   581	131.154
   582	130.638
   583	130.197
   584	129.774
   585	129.315
   586	128.8
   587	128.25
   588	127.721
   589	127.283
   590	126.997
   591	126.887
   592	126.935
   593	127.083
   594	127.258
   595	127.399
   596	127.476
   597	127.501
   598	127.527
   599	127.625
   600	127.857
   601	128.245
   602	128.761
   603	129.328
   604	129.846
   605	130.222
   606	130.397
   607	130.361
   608	130.147
   609	129.82
   610	129.445
   611	129.061
   612	128.665
   613	128.218
   614	127.655
   615	126.918
   616	125.975
   617	124.841
   618	123.572
   619	122.253
   620	120.981
   621	119.834
   622	118.85
   623	118.02
   624	117.301
   625	116.639
   626	115.994
   627	115.364
   628	114.786
   629	114.327
   630	114.059
   631	114.028
   632	114.237
   633	114.64
   634	115.156
   635	115.703
   636	116.222
   637	116.696
   638	117.154
   639	117.646
   640	118.225
   641	118.913
   642	119.69
   643	120.492
   644	121.236
   645	121.84
   646	122.249
   647	122.446
   648	122.453
   649	122.318
   650	122.093
   651	121.813
   652	121.481
   653	121.068
   654	120.529
   655	119.826
   656	118.946
   657	117.918
   658	116.808
   659	115.705
   660	114.693
   661	113.829
   662	113.125
   663	112.551
   664	112.06
   665	111.605
   666	111.165
   667	110.754
   668	110.417
   669	110.209
   670	110.174
   671	110.32
   672	110.615
   673	110.989
   674	111.363
   675	111.67
   676	111.881
   677	112.016
   678	112.137
   679	112.325
   680	112.647
   681	113.127
   682	113.729
   683	114.368
   684	114.931
   685	115.318
   686	115.47
   687	115.384
   688	115.114
   689	114.745
   690	114.362
   691	114.019
   692	113.717
   693	113.41
   694	113.02
   695	112.475
   696	111.733
   697	110.804
   698	109.75
   699	108.67
   700	107.676
   701	106.861
   702	106.277
   703	105.918
   704	105.737
   705	105.664
   706	105.637
   707	105.628
   708	105.646
   709	105.729
   710	105.925
   711	106.261
   712	106.732
   713	107.292
   714	107.874
   715	108.411
   716	108.857
   717	109.201
   718	109.463
   719	109.68
   720	109.89
   721	110.107
   722	110.319
   723	110.489
   724	110.566
   725	110.508
   726	110.297
   727	109.944
   728	109.489
   729	108.986
   730	108.482
   731	107.996
   732	107.512
   733	106.989
   734	106.38
   735	105.659
   736	104.845
   737	103.999
   738	103.224
   739	102.633
   740	102.309
   741	102.289
   742	102.547
   743	103.019
   744	103.621
   745	104.29
   746	104.998
   747	105.763
   748	106.639
   749	107.682
   750	108.927
   751	110.361
   752	111.912
   753	113.476
   754	114.942
   755	116.225
   756	117.289
   757	118.154
   758	118.887
   759	119.57
   760	120.271
   761	121.015
   762	121.777
   763	122.492
   764	123.079
   765	123.47
   766	123.638
   767	123.604
   768	123.431
   769	123.207
   770	123.013
   771	122.901
   772	122.876
   773	122.902
   774	122.922
   775	122.883
   776	122.767
   777	122.6
   778	122.454
   779	122.419
   780	122.581
   781	122.982
   782	123.612
   783	124.404
   784	125.262
   785	126.093
   786	126.831
   787	127.456
   788	127.985
   789	128.461
   790	128.925
   791	129.393
   792	129.851
   793	130.256
   794	130.557
   795	130.72
   796	130.736
   797	130.632
   798	130.459
   799	130.275
   800	130.132
   801	130.054
   802	130.038
   803	130.056
   804	130.072
   805	130.055
   806	129.993
   807	129.902
   808	129.815
   809	129.776
   810	129.815
   811	129.938
   812	130.124
   813	130.337
   814	130.544
   815	130.733
   816	130.931
   817	131.192
   818	131.586
   819	132.17
   820	132.962
   821	133.929
   822	134.994
   823	136.058
   824	137.032
   825	137.856
   826	138.517
   827	139.048
   828	139.502
   829	139.932
   830	140.358
   831	140.754
   832	141.054
   833	141.17
   834	141.032
   835	140.611
   836	139.939
   837	139.104
   838	138.232
   839	137.45
   840	136.851
   841	136.47
   842	136.283
   843	136.22
   844	136.202
   845	136.166
   846	136.095
   847	136.022
   848	136.021
   849	136.173
   850	136.535
   851	137.114
   852	137.855
   853	138.658
   854	139.411
   855	140.025
   856	140.467
   857	140.764
   858	140.989
   859	141.233
   860	141.564
   861	141.996
   862	142.488
   863	142.956
   864	143.306
   865	143.464
   866	143.402
   867	143.138
   868	142.729
   869	142.243
   870	141.744
   871	141.262
   872	140.793
   873	140.306
   874	139.755
   875	139.107
   876	138.358
   877	137.542
   878	136.724
   879	135.984
   880	135.397
   881	135.011
   882	134.828
   883	134.812
   884	134.903
   885	135.042
   886	135.192
   887	135.347
   888	135.525
   889	135.75
   890	136.027
   891	136.334
   892	136.619
   893	136.817
   894	136.873
   895	136.763
   896	136.505
   897	136.15
   898	135.766
   899	135.414
   900	135.122
   901	134.879
   902	134.648
   903	134.382
   904	134.047
   905	133.644
   906	133.216
   907	132.835
   908	132.582
   909	132.516
   910	132.653
   911	132.951
   912	133.323
   913	133.667
   914	133.898
   915	133.981
   916	133.947
   917	133.878
   918	133.877
   919	134.033
   920	134.387
   921	134.918
   922	135.552
   923	136.192
   924	136.752
   925	137.183
   926	137.487
   927	137.712
   928	137.925
   929	138.192
   930	138.544
   931	138.966
   932	139.396
   933	139.748
   934	139.938
   935	139.919
   936	139.698
   937	139.337
   938	138.931
   939	138.573
   940	138.322
   941	138.181
   942	138.101
   943	138.008
   944	137.834
   945	137.544
   946	137.152
   947	136.712
   948	136.304
   949	136.004
   950	135.855
   951	135.854
   952	135.955
   953	136.085
   954	136.175
   955	136.184
   956	136.115
   957	136.012
   958	135.942
   959	135.965
   960	136.106
   961	136.346
   962	136.62
   963	136.85
   964	136.969
   965	136.944
   966	136.789
   967	136.548
   968	136.275
   969	136.01
   970	135.763
   971	135.51
   972	135.202
   973	134.786
   974	134.224
   975	133.507
   976	132.667
   977	131.766
   978	130.884
   979	130.097
   980	129.451
   981	128.955
   982	128.577
   983	128.273
   984	128.008
   985	127.777
   986	127.62
   987	127.601
   988	127.79
   989	128.226
   990	128.904
   991	129.769
   992	130.73
   993	131.695
   994	132.591
   995	133.39
   996	134.103
   997	134.77
   998	135.428
   999	136.088
  1000	136.725
  1001	137.285
  1002	137.696
  1003	137.895
  1004	137.848
  1005	137.563
  1006	137.089
  1007	136.5
  1008	135.878
  1009	135.283
  1010	134.744
  1011	134.248
  1012	133.748
  1013	133.193
  1014	132.547
  1015	131.811
  1016	131.036
  1017	130.31
  1018	129.738
  1019	129.403
  1020	129.348
  1021	129.557
  1022	129.969
  1023	130.507
  1024	131.1
  1025	131.714
  1026	132.351
  1027	133.04
  1028	133.817
  1029	134.7
  1030	135.677
  1031	136.705
  1032	137.723
  1033	138.664
  1034	139.481
  1035	140.155
  1036	140.701
  1037	141.153
  1038	141.542
  1039	141.884
  1040	142.158
  1041	142.319
  1042	142.31
  1043	142.086
  1044	141.638
  1045	140.995
  1046	140.225
  1047	139.415
  1048	138.645
  1049	137.966
  1050	137.383
  1051	136.864
  1052	136.353
  1053	135.804
  1054	135.199
  1055	134.57
  1056	133.986
  1057	133.536
  1058	133.29
  1059	133.275
  1060	133.461
  1061	133.769
  1062	134.099
  1063	134.367
  1064	134.524
  1065	134.575
  1066	134.567
  1067	134.568
  1068	134.638
  1069	134.805
  1070	135.056
  1071	135.338
  1072	135.582
  1073	135.724
  1074	135.732
  1075	135.617
  1076	135.437
  1077	135.271
  1078	135.197
  1079	135.259
  1080	135.446
  1081	135.7
  1082	135.936
  1083	136.07
  1084	136.047
  1085	135.861
  1086	135.548
  1087	135.173
  1088	134.805
  1089	134.497
  1090	134.264
  1091	134.087
  1092	133.923
  1093	133.73
  1094	133.488
  1095	133.213
  1096	132.962
  1097	132.808
  1098	132.824
  1099	133.05
  1100	133.485
  1101	134.08
  1102	134.761
  1103	135.452
  1104	136.094
  1105	136.658
  1106	137.141
  1107	137.552
  1108	137.896
  1109	138.159
  1110	138.309
  1111	138.302
  1112	138.097
  1113	137.676
  1114	137.049
  1115	136.262
  1116	135.38
  1117	134.48
  1118	133.621
  1119	132.837
  1120	132.128
  1121	131.469
  1122	130.825
  1123	130.168
  1124	129.5
  1125	128.851
  1126	128.277
  1127	127.838
  1128	127.575
  1129	127.491
  1130	127.547
  1131	127.677
  1132	127.808
  1133	127.895
  1134	127.941
  1135	127.998
  1136	128.152
  1137	128.494
  1138	129.076
  1139	129.889
  1140	130.86
  1141	131.873
  1142	132.809
  1143	133.576
  1144	134.13
  1145	134.484
  1146	134.687
  1147	134.806
  1148	134.896
  1149	134.978
  1150	135.034
  1151	135.013
  1152	134.848
  1153	134.488
  1154	133.915
  1155	133.162
  1156	132.307
  1157	131.458
  1158	130.72
  1159	130.167
  1160	129.817
  1161	129.635
  1162	129.548
  1163	129.475
  1164	129.359
  1165	129.178
  1166	128.952
  1167	128.728
  1168	128.555
  1169	128.466
  1170	128.464
  1171	128.524
  1172	128.606
  1173	128.675
  1174	128.714
  1175	128.734
  1176	128.771
  1177	128.87
  1178	129.066
  1179	129.372
  1180	129.77
  1181	130.216
  1182	130.652
  1183	131.023
  1184	131.288
  1185	131.433
  1186	131.465
  1187	131.405
  1188	131.275
  1189	131.091
  1190	130.854
  1191	130.558
  1192	130.197
  1193	129.778
  1194	129.329
  1195	128.903
  1196	128.566
  1197	128.39
  1198	128.426
  1199	128.688
  1200	129.149
  1201	129.746
  1202	130.403
  1203	131.057
  1204	131.673
  1205	132.251
  1206	132.817
  1207	133.4
  1208	134.014
  1209	134.636
  1210	135.214
  1211	135.673
  1212	135.947
  1213	136
  1214	135.837
  1215	135.51
  1216	135.094
  1217	134.662
  1218	134.262
  1219	133.904
  1220	133.563
  1221	133.188
  1222	132.725
  1223	132.137
  1224	131.412
  1225	130.578
  1226	129.696
  1227	128.848
  1228	128.113
  1229	127.546
  1230	127.164
  1231	126.939
  1232	126.817
  1233	126.739
  1234	126.671
  1235	126.622
  1236	126.641
  1237	126.801
  1238	127.171
  1239	127.779
  1240	128.6
  1241	129.558
  1242	130.557
  1243	131.507
  1244	132.347
  1245	133.063
  1246	133.675
  1247	134.223
  1248	134.743
  1249	135.252
  1250	135.744
  1251	136.194
  1252	136.57
  1253	136.844
  1254	137.002
  1255	137.046
  1256	136.996
  1257	136.879
  1258	136.721
  1259	136.536
  1260	136.321
  1261	136.058
  1262	135.724
  1263	135.304
  1264	134.802
  1265	134.245
  1266	133.683
  1267	133.168
  1268	132.746
  1269	132.443
  1270	132.257
  1271	132.164
  1272	132.138
  1273	132.165
  1274	132.258
  1275	132.454
  1276	132.805
  1277	133.353
  1278	134.112
  1279	135.051
  1280	136.1
  1281	137.169
  1282	138.176
  1283	139.067
  1284	139.833
  1285	140.498
  1286	141.107
  1287	141.705
  1288	142.314
  1289	142.929
  1290	143.515
  1291	144.025
  1292	144.416
  1293	144.667
  1294	144.783
  1295	144.795
  1296	144.753
  1297	144.708
  1298	144.7
  1299	144.743
  1300	144.826
  1301	144.91
  1302	144.952
  1303	144.916
  1304	144.793
  1305	144.607
  1306	144.415
  1307	144.287
  1308	144.288
  1309	144.457
  1310	144.8
  1311	145.292
  1312	145.893
  1313	146.576
  1314	147.334
  1315	148.191
  1316	149.182
  1317	150.332
  1318	151.634
  1319	153.039
  1320	154.464
  1321	155.817
  1322	157.017
  1323	158.008
  1324	158.764
  1325	159.287
  1326	159.601
  1327	159.739
  1328	159.731
  1329	159.599
  1330	159.349
  1331	158.974
  1332	158.459
  1333	157.792
  1334	156.975
  1335	156.031
  1336	155.006
  1337	153.959
  1338	152.95
  1339	152.025
  1340	151.204
  1341	150.482
  1342	149.845
  1343	149.281
  1344	148.791
  1345	148.394
  1346	148.117
  1347	147.986
  1348	148.009
  1349	148.18
  1350	148.472
  1351	148.855
  1352	149.301
  1353	149.795
  1354	150.337
  1355	150.936
  1356	151.596
  1357	152.309
  1358	153.044
  1359	153.749
  1360	154.368
  1361	154.845
  1362	155.146
  1363	155.262
  1364	155.217
  1365	155.053
  1366	154.824
  1367	154.578
  1368	154.346
  1369	154.13
  1370	153.91
  1371	153.649
  1372	153.316
  1373	152.894
  1374	152.403
  1375	151.901
  1376	151.472
  1377	151.209
  1378	151.182
  1379	151.414
  1380	151.875
  1381	152.489
  1382	153.171
  1383	153.85
  1384	154.491
  1385	155.106
  1386	155.73
  1387	156.41
  1388	157.176
  1389	158.031
  1390	158.949
  1391	159.882
  1392	160.779
  1393	161.597
  1394	162.316
  1395	162.934
  1396	163.465
  1397	163.93
  1398	164.349
  1399	164.735
  1400	165.083
  1401	165.378
  1402	165.595
  1403	165.713
  1404	165.723
  1405	165.633
  1406	165.477
  1407	165.298
  1408	165.139
  1409	165.028
  1410	164.975
  1411	164.97
  1412	164.997
  1413	165.043
  1414	165.105
  1415	165.19
  1416	165.311
  1417	165.478
  1418	165.687
  1419	165.919
  1420	166.141
  1421	166.319
  1422	166.429
  1423	166.462
  1424	166.427
  1425	166.347
  1426	166.247
  1427	166.14
  1428	166.021
  1429	165.863
  1430	165.624
  1431	165.263
  1432	164.753
  1433	164.093
  1434	163.315
  1435	162.473
  1436	161.63
  1437	160.841
  1438	160.132
  1439	159.497
  1440	158.909
  1441	158.329
  1442	157.725
  1443	157.087
  1444	156.429
  1445	155.785
  1446	155.195
  1447	154.698
  1448	154.311
  1449	154.03
  1450	153.832
  1451	153.68
  1452	153.537
  1453	153.38
  1454	153.208
  1455	153.038
  1456	152.901
  1457	152.82
  1458	152.799
  1459	152.813
  1460	152.815
  1461	152.747
  1462	152.562
  1463	152.236
  1464	151.779
  1465	151.224
  1466	150.621
  1467	150.018
  1468	149.447
  1469	148.921
  1470	148.433
  1471	147.959
  1472	147.477
  1473	146.969
  1474	146.436
  1475	145.9
  1476	145.405
  1477	145.012
  1478	144.781
  1479	144.753
  1480	144.938
  1481	145.307
  1482	145.805
  1483	146.374
  1484	146.967
  1485	147.56
  1486	148.152
  1487	148.75
  1488	149.365
  1489	150.007
  1490	150.678
  1491	151.377
  1492	152.103
  1493	152.853
  1494	153.62
  1495	154.383
  1496	155.114
  1497	155.771
  1498	156.317
  1499	156.727
  1500	156.997
  1501	157.147
  1502	157.216
  1503	157.254
  1504	157.308
  1505	157.415
  1506	157.589
  1507	157.823
  1508	158.087
  1509	158.334
  1510	158.518
  1511	158.6
  1512	158.565
  1513	158.425
  1514	158.219
  1515	157.995
  1516	157.801
  1517	157.661
  1518	157.577
  1519	157.523
  1520	157.462
  1521	157.361
  1522	157.198
  1523	156.975
  1524	156.713
  1525	156.443
  1526	156.194
  1527	155.981
  1528	155.805
  1529	155.643
  1530	155.463
  1531	155.234
  1532	154.935
  1533	154.575
  1534	154.186
  1535	153.829
  1536	153.57
  1537	153.461
  1538	153.519
  1539	153.72
  1540	154.012
  1541	154.332
  1542	154.629
  1543	154.872
  1544	155.06
  1545	155.214
  1546	155.367
  1547	155.546
  1548	155.768
  1549	156.026
  1550	156.293
  1551	156.528
  1552	156.686
  1553	156.73
  1554	156.639
  1555	156.414
  1556	156.078
  1557	155.665
  1558	155.216
  1559	154.76
  1560	154.313
  1561	153.876
  1562	153.438
  1563	152.984
  1564	152.504
  1565	151.995
  1566	151.461
  1567	150.91
  1568	150.358
  1569	149.824
  1570	149.332
  1571	148.913
  1572	148.596
  1573	148.408
  1574	148.368
  1575	148.478
  1576	148.73
  1577	149.102
  1578	149.569
  1579	150.104
  1580	150.687
  1581	151.308
  1582	151.964
  1583	152.656
  1584	153.383
  1585	154.14
  1586	154.917
  1587	155.695
  1588	156.445
  1589	157.134
  1590	157.733
  1591	158.224
  1592	158.607
  1593	158.897
  1594	159.123
  1595	159.315
  1596	159.489
  1597	159.642
  1598	159.751
  1599	159.785
  1600	159.712
  1601	159.516
  1602	159.197
  1603	158.776
  1604	158.289
  1605	157.769
  1606	157.245
  1607	156.727
  1608	156.203
  1609	155.65
  1610	155.037
  1611	154.342
  1612	153.562
  1613	152.723
  1614	151.878
  1615	151.095
  1616	150.44
  1617	149.956
  1618	149.656
  1619	149.52
  1620	149.508
  1621	149.574
  1622	149.68
  1623	149.804
  1624	149.936
  1625	150.076
  1626	150.226
  1627	150.389
  1628	150.559
  1629	150.726
  1630	150.876
  1631	150.99
  1632	151.051
  1633	151.047
  1634	150.977
  1635	150.85
  1636	150.685
  1637	150.504
  1638	150.322
  1639	150.142
  1640	149.956
  1641	149.747
  1642	149.502
  1643	149.211
  1644	148.874
  1645	148.492
  1646	148.069
  1647	147.601
  1648	147.078
  1649	146.486
  1650	145.811
  1651	145.052
  1652	144.217
  1653	143.333
  1654	142.431
  1655	141.547
  1656	140.706
  1657	139.924
  1658	139.207
  1659	138.553
  1660	137.962
  1661	137.441
  1662	137.005
  1663	136.671
  1664	136.456
  1665	136.371
  1666	136.418
  1667	136.59
  1668	136.872
  1669	137.246
  1670	137.692
  1671	138.196
  1672	138.752
  1673	139.359
  1674	140.022
  1675	140.747
  1676	141.53
  1677	142.351
  1678	143.17
  1679	143.938
  1680	144.598
  1681	145.105
  1682	145.432
  1683	145.573
  1684	145.54
  1685	145.353
  1686	145.034
  1687	144.593
  1688	144.029
  1689	143.334
  1690	142.497
  1691	141.51
  1692	140.38
  1693	139.124
  1694	137.775
  1695	136.377
  1696	134.981
  1697	133.64
  1698	132.405
  1699	131.318
  1700	130.402
  1701	129.66
  1702	129.079
  1703	128.636
  1704	128.306
  1705	128.071
  1706	127.919
  1707	127.848
  1708	127.863
  1709	127.974
  1710	128.194
  1711	128.532
  1712	128.994
  1713	129.575
  1714	130.262
  1715	131.033
  1716	131.85
  1717	132.668
  1718	133.436
  1719	134.109
  1720	134.649
  1721	135.036
  1722	135.267
  1723	135.348
  1724	135.289
  1725	135.092
  1726	134.754
  1727	134.263
  1728	133.606
  1729	132.78
  1730	131.798
  1731	130.691
  1732	129.504
  1733	128.295
  1734	127.122
  1735	126.034
  1736	125.064
  1737	124.225
  1738	123.523
  1739	122.955
  1740	122.518
  1741	122.209
  1742	122.032
  1743	121.992
  1744	122.093
  1745	122.332
  1746	122.696
  1747	123.166
  1748	123.72
  1749	124.341
  1750	125.019
  1751	125.761
  1752	126.583
  1753	127.504
  1754	128.541
  1755	129.694
  1756	130.941
  1757	132.235
  1758	133.514
  1759	134.713
  1760	135.769
  1761	136.635
  1762	137.287
  1763	137.717
  1764	137.937
  1765	137.968
  1766	137.837
  1767	137.565
  1768	137.172
  1769	136.672
  1770	136.074
  1771	135.393
  1772	134.648
  1773	133.868
  1774	133.086
  1775	132.347
  1776	131.699
  1777	131.184
  1778	130.834
  1779	130.661
  1780	130.66
  1781	130.807
  1782	131.067
  1783	131.404
  1784	131.784
  1785	132.178
  1786	132.565
  1787	132.932
  1788	133.273
  1789	133.589
  1790	133.886
  1791	134.171
  1792	134.451
  1793	134.735
  1794	135.024
  1795	135.319
  1796	135.621
  1797	135.926
  1798	136.234
  1799	136.541
  1800	136.843
  1801	137.128
  1802	137.382
  1803	137.587
  1804	137.719
  1805	137.759
  1806	137.691
  1807	137.512
  1808	137.229
  1809	136.857
  1810	136.424
  1811	135.954
  1812	135.472
  1813	134.99
  1814	134.513
  1815	134.037
  1816	133.552
  1817	133.055
  1818	132.549
  1819	132.046
  1820	131.565
  1821	131.124
  1822	130.734
  1823	130.389
  1824	130.072
  1825	129.753
  1826	129.4
  1827	128.991
  1828	128.518
  1829	127.995
  1830	127.452
  1831	126.929
  1832	126.467
  1833	126.098
  1834	125.833
  1835	125.672
  1836	125.597
  1837	125.592
  1838	125.641
  1839	125.744
  1840	125.912
  1841	126.168
  1842	126.537
  1843	127.036
  1844	127.67
  1845	128.422
  1846	129.262
  1847	130.153
  1848	131.059
  1849	131.955
  1850	132.827
  1851	133.671
  1852	134.484
  1853	135.265
  1854	136.006
  1855	136.692
  1856	137.305
  1857	137.827
  1858	138.249
  1859	138.568
  1860	138.792
  1861	138.935
  1862	139.017
  1863	139.058
  1864	139.075
  1865	139.078
  1866	139.072
  1867	139.057
  1868	139.028
  1869	138.982
  1870	138.921
  1871	138.849
  1872	138.779
  1873	138.725
  1874	138.7
  1875	138.711
  1876	138.754
  1877	138.818
  1878	138.881
  1879	138.92
  1880	138.911
  1881	138.838
  1882	138.69
  1883	138.46
  1884	138.148
  1885	137.756
  1886	137.296
  1887	136.785
  1888	136.252
  1889	135.734
  1890	135.27
  1891	134.895
  1892	134.63
  1893	134.482
  1894	134.443
  1895	134.498
  1896	134.627
  1897	134.814
  1898	135.049
  1899	135.325
  1900	135.633
  1901	135.955
  1902	136.266
  1903	136.536
  1904	136.737
  1905	136.848
  1906	136.858
  1907	136.773
  1908	136.606
  1909	136.379
  1910	136.113
  1911	135.826
  1912	135.525
  1913	135.21
  1914	134.876
  1915	134.516
  1916	134.127
  1917	133.713
  1918	133.287
  1919	132.872
  1920	132.489
  1921	132.155
  1922	131.873
  1923	131.633
  1924	131.413
  1925	131.186
  1926	130.935
  1927	130.658
  1928	130.374
  1929	130.125
  1930	129.965
  1931	129.946
  1932	130.107
  1933	130.464
  1934	131.003
  1935	131.694
  1936	132.491
  1937	133.351
  1938	134.243
  1939	135.148
  1940	136.061
  1941	136.985
  1942	137.923
  1943	138.872
  1944	139.819
  1945	140.742
  1946	141.612
  1947	142.402
  1948	143.091
  1949	143.67
  1950	144.141
  1951	144.517
  1952	144.816
  1953	145.055
  1954	145.248
  1955	145.405
  1956	145.53
  1957	145.628
  1958	145.701
  1959	145.749
  1960	145.764
  1961	145.733
  1962	145.633
  1963	145.442
  1964	145.137
  1965	144.709
  1966	144.162
  1967	143.518
  1968	142.81
  1969	142.08
  1970	141.367
  1971	140.708
  1972	140.128
  1973	139.641
  1974	139.256
  1975	138.975
  1976	138.8
  1977	138.732
  1978	138.775
  1979	138.934
  1980	139.205
  1981	139.579
  1982	140.03
  1983	140.52
  1984	141.005
  1985	141.444
  1986	141.811
  1987	142.09
  1988	142.282
  1989	142.392
  1990	142.427
  1991	142.386
  1992	142.261
  1993	142.041
  1994	141.714
  1995	141.278
  1996	140.743
  1997	140.136
  1998	139.495
  1999	138.865
  2000	138.283
  2001	137.776
