1 -155.067 147.27
2 -153.614 147.471
3 -152.233 147.676
4 -150.944 147.851
5 -149.745 147.96
6 -148.626 147.974
7 -147.582 147.88
8 -146.625 147.685
9 -145.794 147.412
10 -145.142 147.101
11 -144.719 146.799
12 -144.55 146.54
13 -144.618 146.337
14 -144.859 146.176
15 -145.182 146.018
16 -145.5 145.822
17 -145.747 145.555
18 -145.895 145.214
19 -145.939 144.83
20 -145.884 144.464
21 -145.734 144.192
22 -145.487 144.073
23 -145.137 144.126
24 -144.682 144.318
25 -144.131 144.579
26 -143.5 144.829
27 -142.81 145.001
28 -142.077 145.07
29 -141.305 145.054
30 -140.493 145.009
31 -139.64 145.009
32 -138.76 145.114
33 -137.881 145.349
34 -137.043 145.7
35 -136.28 146.117
36 -135.599 146.535
37 -134.981 146.901
38 -134.402 147.189
39 -133.854 147.4
40 -133.371 147.556
41 -133.017 147.686
42 -132.862 147.81
43 -132.941 147.93
44 -133.23 148.031
45 -133.661 148.08
46 -134.15 148.047
47 -134.633 147.906
48 -135.089 147.653
49 -135.54 147.307
50 -136.032 146.91
51 -136.606 146.521
52 -137.273 146.197
53 -138.004 145.974
54 -138.745 145.861
55 -139.446 145.836
56 -140.073 145.86
57 -140.617 145.896
58 -141.075 145.925
59 -141.441 145.956
60 -141.699 146.022
61 -141.834 146.167
62 -141.835 146.427
63 -141.708 146.812
64 -141.474 147.302
65 -141.16 147.85
66 -140.787 148.404
67 -140.366 148.922
68 -139.897 149.382
69 -139.378 149.79
70 -138.819 150.167
71 -138.245 150.538
72 -137.691 150.914
73 -137.191 151.293
74 -136.767 151.65
75 -136.426 151.955
76 -136.161 152.179
77 -135.965 152.307
78 -135.84 152.337
79 -135.805 152.281
80 -135.888 152.154
81 -136.117 151.968
82 -136.505 151.726
83 -137.034 151.42
84 -137.661 151.039
85 -138.332 150.573
86 -139.003 150.023
87 -139.644 149.407
88 -140.254 148.758
89 -140.841 148.124
90 -141.415 147.556
91 -141.971 147.1
92 -142.484 146.782
93 -142.913 146.6
94 -143.215 146.531
95 -143.363 146.542
96 -143.351 146.601
97 -143.199 146.693
98 -142.936 146.83
99 -142.599 147.048
100 -142.216 147.394
101 -141.809 147.909
102 -141.394 148.603
103 -140.978 149.448
104 -140.563 150.379
105 -140.142 151.316
106 -139.702 152.183
107 -139.229 152.93
108 -138.719 153.541
109 -138.189 154.029
110 -137.678 154.428
111 -137.238 154.774
112 -136.916 155.084
113 -136.727 155.348
114 -136.643 155.532
115 -136.599 155.585
116 -136.52 155.461
117 -136.349 155.133
118 -136.066 154.603
119 -135.694 153.902
120 -135.287 153.087
121 -134.913 152.231
122 -134.62 151.402
123 -134.425 150.646
124 -134.308 149.982
125 -134.229 149.396
126 -134.146 148.86
127 -134.034 148.349
128 -133.888 147.853
129 -133.726 147.388
130 -133.584 146.987
131 -133.504 146.691
132 -133.527 146.53
133 -133.673 146.515
134 -133.939 146.626
135 -134.3 146.824
136 -134.72 147.058
137 -135.155 147.283
138 -135.57 147.47
139 -135.937 147.606
140 -136.243 147.695
141 -136.485 147.749
142 -136.671 147.781
143 -136.81 147.797
144 -136.911 147.789
145 -136.983 147.745
146 -137.034 147.646
147 -137.072 147.481
148 -137.107 147.249
149 -137.152 146.966
150 -137.216 146.654
151 -137.306 146.337
152 -137.422 146.028
153 -137.557 145.726
154 -137.699 145.419
155 -137.838 145.09
156 -137.972 144.733
157 -138.107 144.355
158 -138.259 143.981
159 -138.453 143.644
160 -138.718 143.373
161 -139.076 143.183
162 -139.531 143.067
163 -140.064 143.001
164 -140.639 142.952
165 -141.212 142.89
166 -141.754 142.802
167 -142.257 142.695
168 -142.742 142.593
169 -143.247 142.533
170 -143.816 142.549
171 -144.472 142.662
172 -145.212 142.869
173 -145.996 143.143
174 -146.771 143.441
175 -147.482 143.719
176 -148.101 143.942
177 -148.627 144.098
178 -149.08 144.202
179 -149.493 144.288
180 -149.898 144.401
181 -150.314 144.572
182 -150.747 144.809
183 -151.19 145.081
184 -151.629 145.334
185 -152.046 145.501
186 -152.432 145.529
187 -152.787 145.391
188 -153.125 145.094
189 -153.47 144.676
190 -153.843 144.192
191 -154.257 143.695
192 -154.709 143.215
193 -155.178 142.756
194 -155.628 142.299
195 -156.03 141.81
196 -156.36 141.262
197 -156.612 140.65
198 -156.795 139.991
199 -156.938 139.332
200 -157.08 138.734
201 -157.261 138.268
202 -157.515 137.993
203 -157.858 137.942
204 -158.284 138.118
205 -158.765 138.497
206 -159.265 139.045
207 -159.741 139.73
208 -160.163 140.528
209 -160.519 141.424
210 -160.818 142.414
211 -161.087 143.489
212 -161.349 144.64
213 -161.615 145.842
214 -161.873 147.066
215 -162.096 148.269
216 -162.249 149.411
217 -162.309 150.451
218 -162.263 151.351
219 -162.118 152.087
220 -161.899 152.642
221 -161.635 153.018
222 -161.359 153.225
223 -161.1 153.281
224 -160.882 153.206
225 -160.721 153.017
226 -160.629 152.73
227 -160.612 152.358
228 -160.664 151.921
229 -160.767 151.447
230 -160.894 150.97
231 -161.016 150.523
232 -161.107 150.137
233 -161.154 149.832
234 -161.156 149.623
235 -161.122 149.518
236 -161.06 149.526
237 -160.976 149.66
238 -160.867 149.937
239 -160.724 150.373
240 -160.54 150.971
241 -160.31 151.715
242 -160.034 152.567
243 -159.718 153.48
244 -159.366 154.408
245 -158.986 155.318
246 -158.594 156.195
247 -158.215 157.042
248 -157.884 157.868
249 -157.641 158.679
250 -157.521 159.47
251 -157.54 160.216
252 -157.686 160.883
253 -157.921 161.431
254 -158.196 161.833
255 -158.467 162.075
256 -158.709 162.159
257 -158.927 162.104
258 -159.143 161.943
259 -159.394 161.715
260 -159.711 161.459
261 -160.102 161.204
262 -160.552 160.962
263 -161.019 160.724
264 -161.453 160.472
265 -161.809 160.185
266 -162.057 159.855
267 -162.191 159.494
268 -162.223 159.137
269 -162.175 158.836
270 -162.069 158.65
271 -161.918 158.625
272 -161.725 158.78
273 -161.48 159.095
274 -161.167 159.526
275 -160.763 160.013
276 -160.25 160.508
277 -159.619 160.978
278 -158.879 161.415
279 -158.063 161.833
280 -157.226 162.258
281 -156.434 162.714
282 -155.745 163.215
283 -155.194 163.753
284 -154.785 164.299
285 -154.491 164.812
286 -154.278 165.25
287 -154.118 165.578
288 -154.001 165.781
289 -153.939 165.861
290 -153.96 165.84
291 -154.088 165.747
292 -154.336 165.616
293 -154.693 165.467
294 -155.134 165.308
295 -155.624 165.133
296 -156.133 164.926
297 -156.632 164.672
298 -157.093 164.37
299 -157.492 164.029
300 -157.805 163.671
301 -158.022 163.325
302 -158.144 163.016
303 -158.186 162.762
304 -158.171 162.572
305 -158.12 162.449
306 -158.043 162.395
307 -157.939 162.417
308 -157.798 162.526
309 -157.615 162.727
310 -157.393 163.014
311 -157.147 163.368
312 -156.89 163.758
313 -156.627 164.155
314 -156.348 164.534
315 -156.039 164.883
316 -155.691 165.2
317 -155.306 165.49
318 -154.909 165.756
319 -154.539 165.991
320 -154.239 166.185
321 -154.035 166.325
322 -153.922 166.397
323 -153.873 166.397
324 -153.844 166.327
325 -153.806 166.196
326 -153.75 166.018
327 -153.694 165.815
328 -153.666 165.609
329 -153.694 165.424
330 -153.79 165.278
331 -153.944 165.172
332 -154.128 165.092
333 -154.3 165.006
334 -154.42 164.878
335 -154.464 164.677
336 -154.424 164.39
337 -154.315 164.024
338 -154.16 163.614
339 -153.987 163.212
340 -153.818 162.871
341 -153.667 162.624
342 -153.531 162.472
343 -153.398 162.384
344 -153.255 162.309
345 -153.087 162.199
346 -152.895 162.028
347 -152.69 161.803
348 -152.497 161.56
349 -152.345 161.355
350 -152.258 161.244
351 -152.246 161.257
352 -152.304 161.39
353 -152.41 161.607
354 -152.531 161.852
355 -152.633 162.067
356 -152.682 162.216
357 -152.662 162.284
358 -152.574 162.284
359 -152.445 162.246
360 -152.313 162.213
361 -152.22 162.221
362 -152.192 162.295
363 -152.229 162.438
364 -152.305 162.632
365 -152.382 162.852
366 -152.421 163.07
367 -152.4 163.273
368 -152.317 163.461
369 -152.193 163.653
370 -152.061 163.874
371 -151.949 164.148
372 -151.876 164.482
373 -151.838 164.863
374 -151.818 165.255
375 -151.791 165.611
376 -151.732 165.887
377 -151.619 166.048
378 -151.439 166.084
379 -151.184 166.005
380 -150.855 165.836
381 -150.465 165.608
382 -150.037 165.343
383 -149.602 165.044
384 -149.195 164.701
385 -148.846 164.295
386 -148.57 163.817
387 -148.365 163.28
388 -148.206 162.721
389 -148.059 162.195
390 -147.89 161.758
391 -147.683 161.446
392 -147.443 161.27
393 -147.192 161.214
394 -146.955 161.245
395 -146.749 161.335
396 -146.576 161.465
397 -146.429 161.634
398 -146.302 161.851
399 -146.199 162.119
400 -146.128 162.428
401 -146.096 162.753
402 -146.095 163.058
403 -146.106 163.309
404 -146.1 163.483
405 -146.059 163.569
406 -145.982 163.572
407 -145.888 163.505
408 -145.813 163.385
409 -145.791 163.227
410 -145.839 163.04
411 -145.947 162.819
412 -146.077 162.551
413 -146.178 162.207
414 -146.208 161.76
415 -146.149 161.19
416 -146.009 160.497
417 -145.811 159.712
418 -145.578 158.899
419 -145.318 158.142
420 -145.025 157.515
421 -144.684 157.057
422 -144.286 156.757
423 -143.829 156.558
424 -143.319 156.383
425 -142.769 156.168
426 -142.191 155.888
427 -141.601 155.564
428 -141.02 155.254
429 -140.481 155.034
430 -140.019 154.96
431 -139.669 155.054
432 -139.45 155.286
433 -139.352 155.592
434 -139.343 155.891
435 -139.376 156.114
436 -139.414 156.223
437 -139.45 156.212
438 -139.514 156.109
439 -139.668 155.96
440 -139.979 155.818
441 -140.488 155.724
442 -141.185 155.695
443 -142.012 155.718
444 -142.892 155.762
445 -143.751 155.791
446 -144.547 155.779
447 -145.271 155.724
448 -145.936 155.654
449 -146.56 155.618
450 -147.152 155.67
451 -147.706 155.849
452 -148.207 156.16
453 -148.644 156.575
454 -149.016 157.043
455 -149.325 157.505
456 -149.569 157.916
457 -149.741 158.255
458 -149.826 158.526
459 -149.805 158.753
460 -149.668 158.966
461 -149.423 159.184
462 -149.094 159.404
463 -148.718 159.602
464 -148.326 159.741
465 -147.937 159.785
466 -147.549 159.712
467 -147.154 159.524
468 -146.742 159.245
469 -146.311 158.91
470 -145.875 158.556
471 -145.451 158.207
472 -145.054 157.872
473 -144.686 157.542
474 -144.34 157.199
475 -144.001 156.825
476 -143.66 156.416
477 -143.322 155.979
478 -143.001 155.534
479 -142.722 155.108
480 -142.508 154.723
481 -142.365 154.391
482 -142.281 154.108
483 -142.229 153.855
484 -142.177 153.61
485 -142.109 153.35
486 -142.02 153.065
487 -141.919 152.759
488 -141.815 152.457
489 -141.71 152.19
490 -141.597 151.991
491 -141.462 151.872
492 -141.293 151.828
493 -141.086 151.829
494 -140.848 151.837
495 -140.595 151.816
496 -140.348 151.753
497 -140.123 151.663
498 -139.926 151.59
499 -139.755 151.59
500 -139.599 151.708
501 -139.449 151.961
502 -139.294 152.318
503 -139.129 152.716
504 -138.946 153.073
505 -138.735 153.321
506 -138.487 153.425
507 -138.199 153.39
508 -137.88 153.251
509 -137.55 153.058
510 -137.231 152.852
511 -136.936 152.649
512 -136.659 152.436
513 -136.371 152.175
514 -136.036 151.819
515 -135.622 151.331
516 -135.113 150.696
517 -134.521 149.931
518 -133.879 149.083
519 -133.235 148.221
520 -132.633 147.414
521 -132.1 146.714
522 -131.64 146.14
523 -131.232 145.671
524 -130.847 145.261
525 -130.455 144.86
526 -130.038 144.436
527 -129.588 143.989
528 -129.109 143.555
529 -128.612 143.195
530 -128.114 142.969
531 -127.635 142.912
532 -127.191 143.018
533 -126.789 143.235
534 -126.419 143.488
535 -126.063 143.694
536 -125.694 143.797
537 -125.293 143.776
538 -124.855 143.654
539 -124.391 143.48
540 -123.922 143.318
541 -123.479 143.211
542 -123.086 143.171
543 -122.754 143.169
544 -122.484 143.149
545 -122.269 143.054
546 -122.103 142.847
547 -121.988 142.53
548 -121.938 142.141
549 -121.974 141.742
550 -122.115 141.395
551 -122.371 141.139
552 -122.736 140.979
553 -123.191 140.882
554 -123.709 140.796
555 -124.266 140.67
556 -124.842 140.477
557 -125.428 140.22
558 -126.021 139.932
559 -126.619 139.663
560 -127.216 139.454
561 -127.797 139.326
562 -128.343 139.266
563 -128.833 139.235
564 -129.253 139.18
565 -129.596 139.056
566 -129.864 138.837
567 -130.058 138.529
568 -130.169 138.162
569 -130.179 137.781
570 -130.066 137.425
571 -129.811 137.108
572 -129.408 136.816
573 -128.869 136.505
574 -128.214 136.12
575 -127.466 135.615
576 -126.65 134.969
577 -125.783 134.202
578 -124.886 133.366
579 -123.985 132.537
580 -123.107 131.786
581 -122.282 131.154
582 -121.529 130.638
583 -120.854 130.197
584 -120.245 129.774
585 -119.684 129.315
586 -119.16 128.8
587 -118.678 128.25
588 -118.258 127.721
589 -117.929 127.283
590 -117.707 126.997
591 -117.593 126.887
592 -117.565 126.935
593 -117.591 127.083
594 -117.648 127.258
595 -117.728 127.399
596 -117.843 127.476
597 -118.015 127.501
598 -118.269 127.527
599 -118.616 127.625
600 -119.052 127.857
601 -119.559 128.245
602 -120.108 128.761
603 -120.667 129.328
604 -121.207 129.846
605 -121.697 130.222
606 -122.108 130.397
607 -122.414 130.361
608 -122.589 130.147
609 -122.614 129.82
610 -122.474 129.445
611 -122.161 129.061
612 -121.679 128.665
613 -121.034 128.218
614 -120.24 127.655
615 -119.308 126.918
616 -118.254 125.975
617 -117.101 124.841
618 -115.881 123.572
619 -114.63 122.253
620 -113.4 120.981
621 -112.24 119.834
622 -111.192 118.85
623 -110.276 118.02
624 -109.487 117.301
625 -108.803 116.639
626 -108.189 115.994
627 -107.623 115.364
628 -107.101 114.786
629 -106.637 114.327
630 -106.262 114.059
631 -106.002 114.028
632 -105.864 114.237
633 -105.83 114.64
634 -105.863 115.156
635 -105.924 115.703
636 -105.983 116.222
637 -106.029 116.696
638 -106.062 117.154
639 -106.087 117.646
640 -106.104 118.225
641 -106.116 118.913
642 -106.131 119.69
643 -106.167 120.492
644 -106.247 121.236
645 -106.392 121.84
646 -106.611 122.249
647 -106.889 122.446
648 -107.193 122.453
649 -107.479 122.318
650 -107.705 122.093
651 -107.844 121.813
652 -107.899 121.481
653 -107.891 121.068
654 -107.849 120.529
655 -107.793 119.826
656 -107.733 118.946
657 -107.673 117.918
658 -107.619 116.808
659 -107.583 115.705
660 -107.582 114.693
661 -107.623 113.829
662 -107.7 113.125
663 -107.791 112.551
664 -107.871 112.06
665 -107.921 111.605
666 -107.94 111.165
667 -107.943 110.754
668 -107.954 110.417
669 -107.99 110.209
670 -108.048 110.174
671 -108.103 110.32
672 -108.115 110.615
673 -108.046 110.989
674 -107.874 111.363
675 -107.602 111.67
676 -107.251 111.881
677 -106.859 112.016
678 -106.455 112.137
679 -106.058 112.325
680 -105.672 112.647
681 -105.295 113.127
682 -104.924 113.729
683 -104.555 114.368
684 -104.185 114.931
685 -103.798 115.318
686 -103.379 115.47
687 -102.906 115.384
688 -102.369 115.114
689 -101.767 114.745
690 -101.114 114.362
691 -100.43 114.019
692 -99.7368 113.717
693 -99.0411 113.41
694 -98.3345 113.02
695 -97.5953 112.475
696 -96.8037 111.733
697 -95.9586 110.804
698 -95.0906 109.75
699 -94.2623 108.67
700 -93.5546 107.676
701 -93.0397 106.861
702 -92.7529 106.277
703 -92.6783 105.918
704 -92.753 105.737
705 -92.8896 105.664
706 -93.0034 105.637
707 -93.0325 105.628
708 -92.9467 105.646
709 -92.7444 105.729
710 -92.443 105.925
711 -92.0662 106.261
712 -91.6337 106.732
713 -91.1568 107.292
714 -90.6428 107.874
715 -90.1011 108.411
716 -89.5487 108.857
717 -89.007 109.201
718 -88.493 109.463
719 -88.0127 109.68
720 -87.5652 109.89
721 -87.1493 110.107
722 -86.7709 110.319
723 -86.4427 110.489
724 -86.1758 110.566
725 -85.9691 110.508
726 -85.8001 110.297
727 -85.6225 109.944
728 -85.3725 109.489
729 -84.9805 108.986
730 -84.3883 108.482
731 -83.5611 107.996
732 -82.49 107.512
733 -81.1861 106.989
734 -79.6711 106.38
735 -77.9701 105.659
736 -76.1222 104.845
737 -74.1897 103.999
738 -72.2766 103.224
739 -70.521 102.633
740 -69.0537 102.309
741 -67.9633 102.289
742 -67.2663 102.547
743 -66.9146 103.019
744 -66.8289 103.621
745 -66.9363 104.29
746 -67.2039 104.998
747 -67.6478 105.763
748 -68.3153 106.639
749 -69.2503 107.682
750 -70.4534 108.927
751 -71.8634 110.361
752 -73.3663 111.912
753 -74.8345 113.476
754 -76.1666 114.942
755 -77.3077 116.225
756 -78.2542 117.289
757 -79.0392 118.154
758 -79.7106 118.887
759 -80.3099 119.57
760 -80.8589 120.271
761 -81.3552 121.015
762 -81.7767 121.777
763 -82.0903 122.492
764 -82.261 123.079
765 -82.2603 123.47
766 -82.0687 123.638
767 -81.6754 123.604
768 -81.0785 123.431
769 -80.2854 123.207
770 -79.3134 123.013
771 -78.1893 122.901
772 -76.9425 122.876
773 -75.5943 122.902
774 -74.149 122.922
775 -72.5965 122.883
776 -70.9288 122.767
777 -69.1637 122.6
778 -67.3686 122.454
779 -65.664 122.419
780 -64.1931 122.581
781 -63.0786 122.982
782 -62.3799 123.612
783 -62.0771 124.404
784 -62.0908 125.262
785 -62.3186 126.093
786 -62.6768 126.831
787 -63.1248 127.456
788 -63.6634 127.985
789 -64.3151 128.461
790 -65.0948 128.925
791 -65.986 129.393
792 -66.9384 129.851
793 -67.8841 130.256
794 -68.7624 130.557
795 -69.5371 130.72
796 -70.1963 130.736
797 -70.74 130.632
798 -71.164 130.459
799 -71.455 130.275
800 -71.6008 130.132
801 -71.5999 130.054
802 -71.4672 130.038
803 -71.2291 130.056
804 -70.9107 130.072
805 -70.5247 130.055
806 -70.0661 129.993
807 -69.5109 129.902
808 -68.8274 129.815
809 -67.9863 129.776
810 -66.9706 129.815
811 -65.7836 129.938
812 -64.4467 130.124
813 -62.9939 130.337
814 -61.464 130.544
815 -59.9005 130.733
816 -58.3583 130.931
817 -56.9083 131.192
818 -55.6323 131.586
819 -54.609 132.17
820 -53.8897 132.962
821 -53.4807 133.929
822 -53.3396 134.994
823 -53.3918 136.058
824 -53.5585 137.032
825 -53.7851 137.856
826 -54.0578 138.517
827 -54.4025 139.048
828 -54.8687 139.502
829 -55.498 139.932
830 -56.2935 140.358
831 -57.204 140.754
832 -58.1336 141.054
833 -58.9755 141.17
834 -59.6501 141.032
835 -60.1329 140.611
836 -60.4625 139.939
837 -60.7279 139.104
838 -61.0389 138.232
839 -61.4896 137.45
840 -62.1279 136.851
841 -62.9412 136.47
842 -63.8645 136.283
843 -64.8045 136.22
844 -65.6665 136.202
845 -66.3777 136.166
846 -66.8987 136.095
847 -67.2242 136.022
848 -67.3803 136.021
849 -67.4144 136.173
850 -67.3757 136.535
851 -67.2937 137.114
852 -67.1612 137.855
853 -66.9331 138.658
854 -66.5419 139.411
855 -65.9263 140.025
856 -65.0609 140.467
857 -63.9767 140.764
858 -62.7652 140.989
859 -61.5604 141.233
860 -60.5026 141.564
861 -59.6935 141.996
862 -59.1685 142.488
863 -58.8998 142.956
864 -58.8235 143.306
865 -58.8742 143.464
866 -59.007 143.402
867 -59.203 143.138
868 -59.4636 142.729
869 -59.7997 142.243
870 -60.2225 141.744
871 -60.7383 141.262
872 -61.3464 140.793
873 -62.04 140.306
874 -62.8067 139.755
875 -63.6296 139.107
876 -64.4869 138.358
877 -65.3492 137.542
878 -66.1889 136.724
879 -66.986 135.984
880 -67.7325 135.397
881 -68.4384 135.011
882 -69.127 134.828
883 -69.8207 134.812
884 -70.5272 134.903
885 -71.2382 135.042
886 -71.9294 135.192
887 -72.5667 135.347
888 -73.1127 135.525
889 -73.5309 135.75
890 -73.7856 136.027
891 -73.8474 136.334
892 -73.6952 136.619
893 -73.3167 136.817
894 -72.7092 136.873
895 -71.8839 136.763
896 -70.8764 136.505
897 -69.7496 136.15
898 -68.596 135.766
899 -67.5173 135.414
900 -66.589 135.122
901 -65.8391 134.879
902 -65.2469 134.648
903 -64.7631 134.382
904 -64.3471 134.047
905 -63.9944 133.644
906 -63.7462 133.216
907 -63.6725 132.835
908 -63.8385 132.582
909 -64.2686 132.516
910 -64.9237 132.653
911 -65.7072 132.951
912 -66.4975 133.323
913 -67.1889 133.667
914 -67.7226 133.898
915 -68.0942 133.981
916 -68.3386 133.947
917 -68.5029 133.878
918 -68.6228 133.877
919 -68.7145 134.033
920 -68.7788 134.387
921 -68.8107 134.918
922 -68.8067 135.552
923 -68.7657 136.192
924 -68.6872 136.752
925 -68.572 137.183
926 -68.4258 137.487
927 -68.2642 137.712
928 -68.1138 137.925
929 -68.0069 138.192
930 -67.9713 138.544
931 -68.016 138.966
932 -68.1206 139.396
933 -68.2347 139.748
934 -68.2965 139.938
935 -68.2596 139.919
936 -68.1258 139.698
937 -67.9575 139.337
938 -67.8643 138.931
939 -67.9623 138.573
940 -68.3246 138.322
941 -68.9504 138.181
942 -69.7693 138.101
943 -70.6767 138.008
944 -71.5771 137.834
945 -72.4122 137.544
946 -73.1684 137.152
947 -73.8633 136.712
948 -74.5238 136.304
949 -75.1665 136.004
950 -75.7864 135.855
951 -76.3578 135.854
952 -76.8444 135.955
953 -77.2102 136.085
954 -77.4264 136.175
955 -77.4709 136.184
956 -77.324 136.115
957 -76.9669 136.012
958 -76.3881 135.942
959 -75.5931 135.965
960 -74.6113 136.106
961 -73.4904 136.346
962 -72.2838 136.62
963 -71.0327 136.85
964 -69.7622 136.969
965 -68.4948 136.944
966 -67.2663 136.789
967 -66.1361 136.548
968 -65.1798 136.275
969 -64.4674 136.01
970 -64.0382 135.763
971 -63.886 135.51
972 -63.9647 135.202
973 -64.2121 134.786
974 -64.5778 134.224
975 -65.0444 133.507
976 -65.63 132.667
977 -66.3757 131.766
978 -67.3184 130.884
979 -68.462 130.097
980 -69.763 129.451
981 -71.1373 128.955
982 -72.485 128.577
983 -73.7218 128.273
984 -74.7987 128.008
985 -75.7006 127.777
986 -76.4338 127.62
987 -77.0081 127.601
988 -77.4253 127.79
989 -77.6795 128.226
990 -77.7617 128.904
991 -77.6669 129.769
992 -77.3959 130.73
993 -76.9548 131.695
994 -76.3549 132.591
995 -75.615 133.39
996 -74.7635 134.103
997 -73.8383 134.77
998 -72.8896 135.428
999 -71.9707 136.088
1000 -71.1217 136.725
1001 -70.359 137.285
1002 -69.6687 137.696
1003 -69.0161 137.895
1004 -68.3615 137.848
1005 -67.6803 137.563
1006 -66.9793 137.089
1007 -66.299 136.5
1008 -65.6995 135.878
1009 -65.2347 135.283
1010 -64.926 134.744
1011 -64.7497 134.248
1012 -64.646 133.748
1013 -64.5429 133.193
1014 -64.3858 132.547
1015 -64.1567 131.811
1016 -63.8786 131.036
1017 -63.607 130.31
1018 -63.4087 129.738
1019 -63.3366 129.403
1020 -63.4126 129.348
1021 -63.6259 129.557
1022 -63.942 129.969
1023 -64.322 130.507
1024 -64.7329 131.1
1025 -65.1503 131.714
1026 -65.5542 132.351
1027 -65.9242 133.04
1028 -66.2418 133.817
1029 -66.4934 134.7
1030 -66.673 135.677
1031 -66.7802 136.705
1032 -66.8137 137.723
1033 -66.7682 138.664
1034 -66.6383 139.481
1035 -66.4314 140.155
1036 -66.1787 140.701
1037 -65.9357 141.153
1038 -65.7659 141.542
1039 -65.7143 141.884
1040 -65.7861 142.158
1041 -65.9428 142.319
1042 -66.1187 142.31
1043 -66.2507 142.086
1044 -66.3046 141.638
1045 -66.2893 140.995
1046 -66.2542 140.225
1047 -66.2675 139.415
1048 -66.3853 138.645
1049 -66.6231 137.966
1050 -66.9455 137.383
1051 -67.2797 136.864
1052 -67.5453 136.353
1053 -67.6877 135.804
1054 -67.6984 135.199
1055 -67.6132 134.57
1056 -67.4937 133.986
1057 -67.4001 133.536
1058 -67.3672 133.29
1059 -67.3942 133.275
1060 -67.4512 133.461
1061 -67.4964 133.769
1062 -67.4972 134.099
1063 -67.4425 134.367
1064 -67.3429 134.524
1065 -67.2231 134.575
1066 -67.1095 134.567
1067 -67.0216 134.568
1068 -66.97 134.638
1069 -66.9605 134.805
1070 -66.9966 135.056
1071 -67.0794 135.338
1072 -67.2025 135.582
1073 -67.352 135.724
1074 -67.5147 135.732
1075 -67.6949 135.617
1076 -67.9283 135.437
1077 -68.2772 135.271
1078 -68.8085 135.197
1079 -69.5576 135.259
1080 -70.5009 135.446
1081 -71.5544 135.7
1082 -72.5993 135.936
1083 -73.5152 136.07
1084 -74.2165 136.047
1085 -74.6746 135.861
1086 -74.9174 135.548
1087 -75.0115 135.173
1088 -75.0335 134.805
1089 -75.0412 134.497
1090 -75.0585 134.264
1091 -75.077 134.087
1092 -75.0749 133.923
1093 -75.0366 133.73
1094 -74.9658 133.488
1095 -74.8845 133.213
1096 -74.8229 132.962
1097 -74.8073 132.808
1098 -74.8523 132.824
1099 -74.9592 133.05
1100 -75.119 133.485
1101 -75.3177 134.08
1102 -75.5378 134.761
1103 -75.7558 135.452
1104 -75.9379 136.094
1105 -76.0354 136.658
1106 -75.9862 137.141
1107 -75.726 137.552
1108 -75.2073 137.896
1109 -74.4152 138.159
1110 -73.3698 138.309
1111 -72.1171 138.302
1112 -70.7152 138.097
1113 -69.2167 137.676
1114 -67.6646 137.049
1115 -66.1026 136.262
1116 -64.5801 135.38
1117 -63.156 134.48
1118 -61.89 133.621
1119 -60.8287 132.837
1120 -59.9921 132.128
1121 -59.3692 131.469
1122 -58.927 130.825
1123 -58.6325 130.168
1124 -58.4746 129.5
1125 -58.478 128.851
1126 -58.6959 128.277
1127 -59.1844 127.838
1128 -59.9662 127.575
1129 -61.0046 127.491
1130 -62.204 127.547
1131 -63.4397 127.677
1132 -64.5958 127.808
1133 -65.6076 127.895
1134 -66.4762 127.941
1135 -67.2553 127.998
1136 -68.024 128.152
1137 -68.8502 128.494
1138 -69.7587 129.076
1139 -70.7184 129.889
1140 -71.6554 130.86
1141 -72.4783 131.873
1142 -73.1061 132.809
1143 -73.4834 133.576
1144 -73.5867 134.13
1145 -73.4217 134.484
1146 -73.0204 134.687
1147 -72.4328 134.806
1148 -71.7175 134.896
1149 -70.925 134.978
1150 -70.0802 135.034
1151 -69.1752 135.013
1152 -68.177 134.848
1153 -67.0474 134.488
1154 -65.7702 133.915
1155 -64.3768 133.162
1156 -62.9537 132.307
1157 -61.63 131.458
1158 -60.5424 130.72
1159 -59.791 130.167
1160 -59.4101 129.817
1161 -59.3631 129.635
1162 -59.5652 129.548
1163 -59.9212 129.475
1164 -60.3579 129.359
1165 -60.8405 129.178
1166 -61.3733 128.952
1167 -61.9854 128.728
1168 -62.7135 128.555
1169 -63.584 128.466
1170 -64.6014 128.464
1171 -65.7521 128.524
1172 -67.0135 128.606
1173 -68.368 128.675
1174 -69.8079 128.714
1175 -71.3309 128.734
1176 -72.9329 128.771
1177 -74.6007 128.87
1178 -76.3103 129.066
1179 -78.0307 129.372
1180 -79.7306 129.77
1181 -81.3796 130.216
1182 -82.9501 130.652
1183 -84.4089 131.023
1184 -85.718 131.288
1185 -86.8431 131.433
1186 -87.7565 131.465
1187 -88.439 131.405
1188 -88.8849 131.275
1189 -89.1024 131.091
1190 -89.1119 130.854
1191 -88.9447 130.558
1192 -88.6419 130.197
1193 -88.2504 129.778
1194 -87.8193 129.329
1195 -87.3964 128.903
1196 -87.0221 128.566
1197 -86.724 128.39
1198 -86.5134 128.426
1199 -86.3851 128.688
1200 -86.3218 129.149
1201 -86.3022 129.746
1202 -86.3094 130.403
1203 -86.3371 131.057
1204 -86.3897 131.673
1205 -86.4761 132.251
1206 -86.6012 132.817
1207 -86.757 133.4
1208 -86.9192 134.014
1209 -87.0523 134.636
1210 -87.1189 135.214
1211 -87.0942 135.673
1212 -86.9785 135.947
1213 -86.8017 136
1214 -86.6209 135.837
1215 -86.5074 135.51
1216 -86.5265 135.094
1217 -86.7202 134.662
1218 -87.0974 134.262
1219 -87.6371 133.904
1220 -88.3019 133.563
1221 -89.05 133.188
1222 -89.8418 132.725
1223 -90.6447 132.137
1224 -91.4368 131.412
1225 -92.208 130.578
1226 -92.964 129.696
1227 -93.7235 128.848
1228 -94.5092 128.113
1229 -95.335 127.546
1230 -96.1902 127.164
1231 -97.0359 126.939
1232 -97.8117 126.817
1233 -98.4521 126.739
1234 -98.9071 126.671
1235 -99.1554 126.622
1236 -99.2107 126.641
1237 -99.1131 126.801
1238 -98.9148 127.171
1239 -98.6616 127.779
1240 -98.3783 128.6
1241 -98.0671 129.558
1242 -97.7127 130.557
1243 -97.2969 131.507
1244 -96.8075 132.347
1245 -96.2413 133.063
1246 -95.6068 133.675
1247 -94.9243 134.223
1248 -94.2275 134.743
1249 -93.5623 135.252
1250 -92.9828 135.744
1251 -92.5411 136.194
1252 -92.2754 136.57
1253 -92.2015 136.844
1254 -92.3066 137.002
1255 -92.5485 137.046
1256 -92.8656 136.996
1257 -93.1908 136.879
1258 -93.4689 136.721
1259 -93.6673 136.536
1260 -93.7774 136.321
1261 -93.806 136.058
1262 -93.765 135.724
1263 -93.662 135.304
1264 -93.4977 134.802
1265 -93.2651 134.245
1266 -92.9532 133.683
1267 -92.5503 133.168
1268 -92.0511 132.746
1269 -91.4606 132.443
1270 -90.7942 132.257
1271 -90.0776 132.164
1272 -89.343 132.138
1273 -88.6288 132.165
1274 -87.9819 132.258
1275 -87.4538 132.454
1276 -87.0987 132.805
1277 -86.9627 133.353
1278 -87.0689 134.112
1279 -87.4083 135.051
1280 -87.9403 136.1
1281 -88.6082 137.169
1282 -89.3596 138.176
1283 -90.1649 139.067
1284 -91.025 139.833
1285 -91.9615 140.498
1286 -92.9983 141.107
1287 -94.1398 141.705
1288 -95.3626 142.314
1289 -96.6188 142.929
1290 -97.8509 143.515
1291 -99.0104 144.025
1292 -100.067 144.416
1293 -101.009 144.667
1294 -101.825 144.783
1295 -102.5 144.795
1296 -103.005 144.753
1297 -103.308 144.708
1298 -103.389 144.7
1299 -103.251 144.743
1300 -102.913 144.826
1301 -102.398 144.91
1302 -101.721 144.952
1303 -100.884 144.916
1304 -99.8835 144.793
1305 -98.7213 144.607
1306 -97.416 144.415
1307 -96.0067 144.287
1308 -94.5406 144.288
1309 -93.0593 144.457
1310 -91.5889 144.8
1311 -90.1355 145.292
1312 -88.6971 145.893
1313 -87.2766 146.576
1314 -85.898 147.334
1315 -84.6146 148.191
1316 -83.5018 149.182
1317 -82.6383 150.332
1318 -82.0813 151.634
1319 -81.8497 153.039
1320 -81.9207 154.464
1321 -82.2389 155.817
1322 -82.7331 157.017
1323 -83.3301 158.008
1324 -83.9635 158.764
1325 -84.577 159.287
1326 -85.1259 159.601
1327 -85.578 159.739
1328 -85.9147 159.731
1329 -86.1299 159.599
1330 -86.2216 159.349
1331 -86.184 158.974
1332 -86.0007 158.459
1333 -85.6428 157.792
1334 -85.0753 156.975
1335 -84.267 156.031
1336 -83.202 155.006
1337 -81.8865 153.959
1338 -80.3543 152.95
1339 -78.6615 152.025
1340 -76.8701 151.204
1341 -75.0359 150.482
1342 -73.2026 149.845
1343 -71.3995 149.281
1344 -69.6524 148.791
1345 -67.9955 148.394
1346 -66.4733 148.117
1347 -65.1315 147.986
1348 -64.0095 148.009
1349 -63.1274 148.18
1350 -62.4767 148.472
1351 -62.0302 148.855
1352 -61.7579 149.301
1353 -61.6414 149.795
1354 -61.6781 150.337
1355 -61.8756 150.936
1356 -62.2353 151.596
1357 -62.7375 152.309
1358 -63.3321 153.044
1359 -63.9445 153.749
1360 -64.4951 154.368
1361 -64.9191 154.845
1362 -65.1836 155.146
1363 -65.2927 155.262
1364 -65.2808 155.217
1365 -65.1953 155.053
1366 -65.081 154.824
1367 -64.9667 154.578
1368 -64.8596 154.346
1369 -64.7495 154.13
1370 -64.6169 153.91
1371 -64.4451 153.649
1372 -64.228 153.316
1373 -63.978 152.894
1374 -63.7304 152.403
1375 -63.5419 151.901
1376 -63.4836 151.472
1377 -63.6241 151.209
1378 -64.0087 151.182
1379 -64.6402 151.414
1380 -65.4737 151.875
1381 -66.4271 152.489
1382 -67.4068 153.171
1383 -68.3318 153.85
1384 -69.1549 154.491
1385 -69.8745 155.106
1386 -70.5275 155.73
1387 -71.1735 156.41
1388 -71.8714 157.176
1389 -72.6576 158.031
1390 -73.533 158.949
1391 -74.4666 159.882
1392 -75.407 160.779
1393 -76.3057 161.597
1394 -77.1332 162.316
1395 -77.8816 162.934
1396 -78.5661 163.465
1397 -79.2154 163.93
1398 -79.8589 164.349
1399 -80.5146 164.735
1400 -81.1848 165.083
1401 -81.8567 165.378
1402 -82.5087 165.595
1403 -83.1181 165.713
1404 -83.6633 165.723
1405 -84.1233 165.633
1406 -84.4768 165.477
1407 -84.7043 165.298
1408 -84.7939 165.139
1409 -84.7471 165.028
1410 -84.5842 164.975
1411 -84.3423 164.97
1412 -84.0675 164.997
1413 -83.8007 165.043
1414 -83.564 165.105
1415 -83.3525 165.19
1416 -83.1372 165.311
1417 -82.8767 165.478
1418 -82.5374 165.687
1419 -82.1087 165.919
1420 -81.606 166.141
1421 -81.0636 166.319
1422 -80.5187 166.429
1423 -80.0009 166.462
1424 -79.5287 166.427
1425 -79.1118 166.347
1426 -78.7567 166.247
1427 -78.4649 166.14
1428 -78.2307 166.021
1429 -78.0372 165.863
1430 -77.8558 165.624
1431 -77.6535 165.263
1432 -77.405 164.753
1433 -77.1048 164.093
1434 -76.7747 163.315
1435 -76.4607 162.473
1436 -76.2181 161.63
1437 -76.0904 160.841
1438 -76.0906 160.132
1439 -76.1956 159.497
1440 -76.3574 158.909
1441 -76.5227 158.329
1442 -76.6531 157.725
1443 -76.7333 157.087
1444 -76.7663 156.429
1445 -76.7611 155.785
1446 -76.7181 155.195
1447 -76.6226 154.698
1448 -76.4444 154.311
1449 -76.1466 154.03
1450 -75.6932 153.832
1451 -75.0533 153.68
1452 -74.2052 153.537
1453 -73.1346 153.38
1454 -71.8378 153.208
1455 -70.3294 153.038
1456 -68.6452 152.901
1457 -66.8414 152.82
1458 -64.9841 152.799
1459 -63.132 152.813
1460 -61.3212 152.815
1461 -59.5597 152.747
1462 -57.8359 152.562
1463 -56.1384 152.236
1464 -54.476 151.779
1465 -52.8865 151.224
1466 -51.436 150.621
1467 -50.2017 150.018
1468 -49.2519 149.447
1469 -48.63 148.921
1470 -48.3422 148.433
1471 -48.3659 147.959
1472 -48.6658 147.477
1473 -49.2102 146.969
1474 -49.9832 146.436
1475 -50.9868 145.9
1476 -52.235 145.405
1477 -53.7365 145.012
1478 -55.4827 144.781
1479 -57.4354 144.753
1480 -59.5175 144.938
1481 -61.6234 145.307
1482 -63.6388 145.805
1483 -65.4582 146.374
1484 -66.9942 146.967
1485 -68.1801 147.56
1486 -68.9701 148.152
1487 -69.3402 148.75
1488 -69.2925 149.365
1489 -68.8559 150.007
1490 -68.0807 150.678
1491 -67.0307 151.377
1492 -65.774 152.103
1493 -64.3716 152.853
1494 -62.8727 153.62
1495 -61.3201 154.383
1496 -59.7533 155.114
1497 -58.2126 155.771
1498 -56.7417 156.317
1499 -55.3847 156.727
1500 -54.1846 156.997
1501 -53.1793 157.147
1502 -52.402 157.216
1503 -51.8795 157.254
1504 -51.6274 157.308
1505 -51.6468 157.415
1506 -51.9143 157.589
1507 -52.3794 157.823
1508 -52.9697 158.087
1509 -53.6069 158.334
1510 -54.2245 158.518
1511 -54.7871 158.6
1512 -55.2985 158.565
1513 -55.7995 158.425
1514 -56.3514 158.219
1515 -57.0136 157.995
1516 -57.8178 157.801
1517 -58.754 157.661
1518 -59.7706 157.577
1519 -60.7928 157.523
1520 -61.7441 157.462
1521 -62.5662 157.361
1522 -63.2257 157.198
1523 -63.714 156.975
1524 -64.0361 156.713
1525 -64.2022 156.443
1526 -64.2183 156.194
1527 -64.0831 155.981
1528 -63.7842 155.805
1529 -63.2965 155.643
1530 -62.5832 155.463
1531 -61.6019 155.234
1532 -60.3219 154.935
1533 -58.7389 154.575
1534 -56.8916 154.186
1535 -54.8751 153.829
1536 -52.8237 153.57
1537 -50.8812 153.461
1538 -49.1551 153.519
1539 -47.6895 153.72
1540 -46.4715 154.012
1541 -45.4489 154.332
1542 -44.5643 154.629
1543 -43.78 154.872
1544 -43.0923 155.06
1545 -42.5303 155.214
1546 -42.139 155.367
1547 -41.9597 155.546
1548 -42.0121 155.768
1549 -42.2862 156.026
1550 -42.7483 156.293
1551 -43.3499 156.528
1552 -44.0382 156.686
1553 -44.7679 156.73
1554 -45.5037 156.639
1555 -46.2197 156.414
1556 -46.901 156.078
1557 -47.542 155.665
1558 -48.1456 155.216
1559 -48.7196 154.76
1560 -49.2644 154.313
1561 -49.7706 153.876
1562 -50.2136 153.438
1563 -50.5561 152.984
1564 -50.7536 152.504
1565 -50.7668 151.995
1566 -50.5731 151.461
1567 -50.1778 150.91
1568 -49.6166 150.358
1569 -48.9513 149.824
1570 -48.2586 149.332
1571 -47.6136 148.913
1572 -47.0788 148.596
1573 -46.697 148.408
1574 -46.4914 148.368
1575 -46.4642 148.478
1576 -46.6031 148.73
1577 -46.8854 149.102
1578 -47.285 149.569
1579 -47.78 150.104
1580 -48.3587 150.687
1581 -49.0222 151.308
1582 -49.7806 151.964
1583 -50.6454 152.656
1584 -51.6177 153.383
1585 -52.6794 154.14
1586 -53.7873 154.917
1587 -54.8814 155.695
1588 -55.8929 156.445
1589 -56.7601 157.134
1590 -57.4506 157.733
1591 -57.9652 158.224
1592 -58.3382 158.607
1593 -58.6251 158.897
1594 -58.8863 159.123
1595 -59.1706 159.315
1596 -59.5028 159.489
1597 -59.8819 159.642
1598 -60.286 159.751
1599 -60.6849 159.785
1600 -61.0525 159.712
1601 -61.3727 159.516
1602 -61.6411 159.197
1603 -61.8629 158.776
1604 -62.0487 158.289
1605 -62.21 157.769
1606 -62.3552 157.245
1607 -62.4855 156.727
1608 -62.5925 156.203
1609 -62.6563 155.65
1610 -62.648 155.037
1611 -62.5373 154.342
1612 -62.303 153.562
1613 -61.9434 152.723
1614 -61.483 151.878
1615 -60.9708 151.095
1616 -60.471 150.44
1617 -60.0446 149.956
1618 -59.7355 149.656
1619 -59.5602 149.52
1620 -59.5098 149.508
1621 -59.56 149.574
1622 -59.6839 149.68
1623 -59.8617 149.804
1624 -60.0854 149.936
1625 -60.3554 150.076
1626 -60.6776 150.226
1627 -61.0561 150.389
1628 -61.49 150.559
1629 -61.9706 150.726
1630 -62.4829 150.876
1631 -63.0067 150.99
1632 -63.5196 151.051
1633 -64.0006 151.047
1634 -64.432 150.977
1635 -64.8026 150.85
1636 -65.1101 150.685
1637 -65.361 150.504
1638 -65.5668 150.322
1639 -65.7399 150.142
1640 -65.8882 149.956
1641 -66.0101 149.747
1642 -66.0928 149.502
1643 -66.1145 149.211
1644 -66.0483 148.874
1645 -65.8674 148.492
1646 -65.5521 148.069
1647 -65.0931 147.601
1648 -64.4924 147.078
1649 -63.7638 146.486
1650 -62.9302 145.811
1651 -62.0238 145.052
1652 -61.0826 144.217
1653 -60.1498 143.333
1654 -59.2681 142.431
1655 -58.4735 141.547
1656 -57.7884 140.706
1657 -57.2206 139.924
1658 -56.7632 139.207
1659 -56.4012 138.553
1660 -56.1232 137.962
1661 -55.927 137.441
1662 -55.8225 137.005
1663 -55.829 136.671
1664 -55.9681 136.456
1665 -56.254 136.371
1666 -56.6887 136.418
1667 -57.2591 136.59
1668 -57.9407 136.872
1669 -58.7038 137.246
1670 -59.522 137.692
1671 -60.3771 138.196
1672 -61.2609 138.752
1673 -62.1729 139.359
1674 -63.1147 140.022
1675 -64.0841 140.747
1676 -65.0689 141.53
1677 -66.0425 142.351
1678 -66.9691 143.17
1679 -67.8084 143.938
1680 -68.5152 144.598
1681 -69.0465 145.105
1682 -69.3672 145.432
1683 -69.451 145.573
1684 -69.284 145.54
1685 -68.8654 145.353
1686 -68.208 145.034
1687 -67.3359 144.593
1688 -66.2791 144.029
1689 -65.0722 143.334
1690 -63.7546 142.497
1691 -62.3719 141.51
1692 -60.9809 140.38
1693 -59.652 139.124
1694 -58.4662 137.775
1695 -57.5065 136.377
1696 -56.8441 134.981
1697 -56.5279 133.64
1698 -56.5782 132.405
1699 -56.9846 131.318
1700 -57.711 130.402
1701 -58.7019 129.66
1702 -59.89 129.079
1703 -61.2017 128.636
1704 -62.5622 128.306
1705 -63.9045 128.071
1706 -65.1731 127.919
1707 -66.3298 127.848
1708 -67.3554 127.863
1709 -68.2475 127.974
1710 -69.0175 128.194
1711 -69.6809 128.532
1712 -70.25 128.994
1713 -70.7282 129.575
1714 -71.1095 130.262
1715 -71.3839 131.033
1716 -71.543 131.85
1717 -71.5844 132.668
1718 -71.5142 133.436
1719 -71.3446 134.109
1720 -71.0889 134.649
1721 -70.7566 135.036
1722 -70.349 135.267
1723 -69.8604 135.348
1724 -69.28 135.289
1725 -68.5949 135.092
1726 -67.7953 134.754
1727 -66.8772 134.263
1728 -65.8493 133.606
1729 -64.7353 132.78
1730 -63.5772 131.798
1731 -62.4368 130.691
1732 -61.3906 129.504
1733 -60.5262 128.295
1734 -59.9254 127.122
1735 -59.6414 126.034
1736 -59.6902 125.064
1737 -60.0508 124.225
1738 -60.6759 123.523
1739 -61.5112 122.955
1740 -62.5131 122.518
1741 -63.6558 122.209
1742 -64.9269 122.032
1743 -66.3188 121.992
1744 -67.8152 122.093
1745 -69.3793 122.332
1746 -70.9569 122.696
1747 -72.4852 123.166
1748 -73.9051 123.72
1749 -75.1716 124.341
1750 -76.2623 125.019
1751 -77.175 125.761
1752 -77.9215 126.583
1753 -78.5206 127.504
1754 -78.9918 128.541
1755 -79.3489 129.694
1756 -79.5958 130.941
1757 -79.7249 132.235
1758 -79.718 133.514
1759 -79.5518 134.713
1760 -79.2018 135.769
1761 -78.6521 136.635
1762 -77.8995 137.287
1763 -76.9612 137.717
1764 -75.8735 137.937
1765 -74.6843 137.968
1766 -73.446 137.837
1767 -72.2057 137.565
1768 -71.0045 137.172
1769 -69.8767 136.672
1770 -68.8512 136.074
1771 -67.9594 135.393
1772 -67.2419 134.648
1773 -66.7469 133.868
1774 -66.5258 133.086
1775 -66.6288 132.347
1776 -67.0918 131.699
1777 -67.928 131.184
1778 -69.1216 130.834
1779 -70.6267 130.661
1780 -72.3729 130.66
1781 -74.2743 130.807
1782 -76.2365 131.067
1783 -78.1792 131.404
1784 -80.0407 131.784
1785 -81.7734 132.178
1786 -83.3491 132.565
1787 -84.7553 132.932
1788 -85.9942 133.273
1789 -87.0766 133.589
1790 -88.0118 133.886
1791 -88.8065 134.171
1792 -89.4661 134.451
1793 -89.9955 134.735
1794 -90.4035 135.024
1795 -90.705 135.319
1796 -90.9203 135.621
1797 -91.0708 135.926
1798 -91.1742 136.234
1799 -91.2397 136.541
1800 -91.2653 136.843
1801 -91.2379 137.128
1802 -91.1361 137.382
1803 -90.936 137.587
1804 -90.617 137.719
1805 -90.1683 137.759
1806 -89.5939 137.691
1807 -88.9141 137.512
1808 -88.1683 137.229
1809 -87.4106 136.857
1810 -86.7018 136.424
1811 -86.0995 135.954
1812 -85.6483 135.472
1813 -85.3747 134.99
1814 -85.2869 134.513
1815 -85.377 134.037
1816 -85.6299 133.552
1817 -86.028 133.055
1818 -86.5565 132.549
1819 -87.2012 132.046
1820 -87.944 131.565
1821 -88.7595 131.124
1822 -89.6181 130.734
1823 -90.4829 130.389
1824 -91.3143 130.072
1825 -92.0808 129.753
1826 -92.759 129.4
1827 -93.337 128.991
1828 -93.8134 128.518
1829 -94.1942 127.995
1830 -94.4928 127.452
1831 -94.723 126.929
1832 -94.8927 126.467
1833 -95.0002 126.098
1834 -95.0319 125.833
1835 -94.9641 125.672
1836 -94.7685 125.597
1837 -94.4206 125.592
1838 -93.9053 125.641
1839 -93.22 125.744
1840 -92.3748 125.912
1841 -91.3894 126.168
1842 -90.2901 126.537
1843 -89.0977 127.036
1844 -87.8234 127.67
1845 -86.4749 128.422
1846 -85.0545 129.262
1847 -83.5651 130.153
1848 -82.0173 131.059
1849 -80.4375 131.955
1850 -78.8718 132.827
1851 -77.3856 133.671
1852 -76.0585 134.484
1853 -74.9633 135.265
1854 -74.1493 136.006
1855 -73.6369 136.692
1856 -73.4118 137.305
1857 -73.4293 137.827
1858 -73.6287 138.249
1859 -73.9483 138.568
1860 -74.3376 138.792
1861 -74.7639 138.935
1862 -75.2118 139.017
1863 -75.678 139.058
1864 -76.1648 139.075
1865 -76.6735 139.078
1866 -77.1999 139.072
1867 -77.7347 139.057
1868 -78.264 139.028
1869 -78.7721 138.982
1870 -79.2453 138.921
1871 -79.6747 138.849
1872 -80.0582 138.779
1873 -80.4006 138.725
1874 -80.7111 138.7
1875 -80.9982 138.711
1876 -81.2647 138.754
1877 -81.5022 138.818
1878 -81.6877 138.881
1879 -81.7849 138.92
1880 -81.7499 138.911
1881 -81.5381 138.838
1882 -81.1113 138.69
1883 -80.4434 138.46
1884 -79.5254 138.148
1885 -78.3642 137.756
1886 -76.9826 137.296
1887 -75.4141 136.785
1888 -73.7063 136.252
1889 -71.9202 135.734
1890 -70.1253 135.27
1891 -68.3986 134.895
1892 -66.814 134.63
1893 -65.4442 134.482
1894 -64.3532 134.443
1895 -63.5836 134.498
1896 -63.156 134.627
1897 -63.0708 134.814
1898 -63.3073 135.049
1899 -63.8241 135.325
1900 -64.5624 135.633
1901 -65.4501 135.955
1902 -66.4075 136.266
1903 -67.3596 136.536
1904 -68.243 136.737
1905 -69.0144 136.848
1906 -69.6524 136.858
1907 -70.1562 136.773
1908 -70.538 136.606
1909 -70.8161 136.379
1910 -71.0076 136.113
1911 -71.1242 135.826
1912 -71.1717 135.525
1913 -71.1511 135.21
1914 -71.0616 134.876
1915 -70.9034 134.516
1916 -70.6792 134.127
1917 -70.3933 133.713
1918 -70.0526 133.287
1919 -69.6654 132.872
1920 -69.2406 132.489
1921 -68.787 132.155
1922 -68.3105 131.873
1923 -67.8134 131.633
1924 -67.2939 131.413
1925 -66.7501 131.186
1926 -66.1843 130.935
1927 -65.6107 130.658
1928 -65.0588 130.374
1929 -64.5743 130.125
1930 -64.2115 129.965
1931 -64.0209 129.946
1932 -64.0333 130.107
1933 -64.2493 130.464
1934 -64.6356 131.003
1935 -65.1331 131.694
1936 -65.6705 132.491
1937 -66.1792 133.351
1938 -66.6057 134.243
1939 -66.9168 135.148
1940 -67.0993 136.061
1941 -67.1553 136.985
1942 -67.0983 137.923
1943 -66.9449 138.872
1944 -66.7106 139.819
1945 -66.4078 140.742
1946 -66.0448 141.612
1947 -65.6283 142.402
1948 -65.1666 143.091
1949 -64.6736 143.67
1950 -64.1724 144.141
1951 -63.6986 144.517
1952 -63.2974 144.816
1953 -63.0166 145.055
1954 -62.8953 145.248
1955 -62.9526 145.405
1956 -63.1805 145.53
1957 -63.5447 145.628
1958 -63.9911 145.701
1959 -64.4551 145.749
1960 -64.8738 145.764
1961 -65.1915 145.733
1962 -65.3643 145.633
1963 -65.36 145.442
1964 -65.158 145.137
1965 -64.7476 144.709
1966 -64.131 144.162
1967 -63.3243 143.518
1968 -62.3562 142.81
1969 -61.2657 142.08
1970 -60.0995 141.367
1971 -58.9062 140.708
1972 -57.7308 140.128
1973 -56.6135 139.641
1974 -55.5915 139.256
1975 -54.7006 138.975
1976 -53.9766 138.8
1977 -53.4518 138.732
1978 -53.1494 138.775
1979 -53.0739 138.934
1980 -53.2046 139.205
1981 -53.497 139.579
1982 -53.8895 140.03
1983 -54.316 140.52
1984 -54.7186 141.005
1985 -55.0605 141.444
1986 -55.3287 141.811
1987 -55.531 142.09
1988 -55.6885 142.282
1989 -55.8251 142.392
1990 -55.9615 142.427
1991 -56.1102 142.386
1992 -56.2757 142.261
1993 -56.4573 142.041
1994 -56.6522 141.714
1995 -56.8598 141.278
1996 -57.0819 140.743
1997 -57.3235 140.136
1998 -57.59 139.495
1999 -57.8867 138.865
2000 -58.2165 138.283
2001 -58.577 137.776
